 0.00;  1.4457929999999999
 0.50;  1.445806
 1.00;  1.445832
 1.50;  1.445863
 2.00;  1.445889
 2.51;  1.445897
 3.01;  1.445891
 3.51;  1.445869
 4.01;  1.445831
 4.51;  1.445778
 5.01;  1.445717
 5.51;  1.445643
 6.01;  1.4455609999999999
 6.51;  1.445465
 7.01;  1.445372
 7.52;  1.445267
 8.02;  1.445151
 8.52;  1.445033
 9.02;  1.4449079999999999
 9.52;  1.444781
 10.02;  1.4446420000000002
 10.52;  1.4445020000000002
 11.02;  1.444352
 11.52;  1.4442030000000001
 12.02;  1.444045
 12.53;  1.4438840000000002
 13.03;  1.443721
 13.53;  1.4435520000000002
 14.03;  1.443379
 14.53;  1.443206
 15.03;  1.4430230000000002
 15.53;  1.44284
 16.03;  1.442636
 16.53;  1.442425
 17.03;  1.442198
 17.54;  1.441969
 18.04;  1.44173
 18.54;  1.441482
 19.04;  1.441229
 19.54;  1.4409640000000001
 20.04;  1.440695
 20.54;  1.4404190000000001
 21.04;  1.440137
 21.54;  1.439851
 22.04;  1.4395580000000001
 22.55;  1.439259
 23.05;  1.438953
 23.55;  1.438644
 24.05;  1.438331
 24.55;  1.438012
 25.05;  1.4377019999999998
 25.55;  1.43739
 26.05;  1.437084
 26.56;  1.436769
 27.06;  1.436452
 27.56;  1.436128
 28.06;  1.4358039999999999
 28.56;  1.4354689999999999
 29.06;  1.435133
 29.56;  1.4347889999999999
 30.06;  1.434445
 30.56;  1.434088
 31.06;  1.433732
 31.56;  1.43337
 32.06;  1.433005
 32.57;  1.432636
 33.07;  1.432268
 33.57;  1.431909
 34.07;  1.431543
 34.57;  1.43119
 35.07;  1.430854
 35.57;  1.430532
 36.07;  1.430204
 36.57;  1.429883
 37.08;  1.429524
 37.58;  1.429184
 38.08;  1.428817
 38.58;  1.428437
 39.08;  1.428007
 39.58;  1.4275390000000001
 40.08;  1.42705
 40.58;  1.426546
 41.08;  1.426025
 41.58;  1.425493
 42.08;  1.424928
 42.59;  1.424314
 43.09;  1.423689
 43.59;  1.4230340000000001
 44.09;  1.422343
 44.59;  1.421616
 45.09;  1.420863
 45.59;  1.420091
 46.09;  1.4192950000000002
 46.59;  1.418483
 47.09;  1.417654
 47.60;  1.416807
 48.10;  1.4159419999999998
 48.60;  1.4150580000000001
 49.10;  1.414151
 49.60;  1.413229
 50.10;  1.412292
 50.60;  1.411329
 51.11;  1.4103640000000002
 51.61;  1.409381
 52.11;  1.408395
 52.61;  1.407407
 53.11;  1.406439
 53.61;  1.4055140000000002
 54.11;  1.40468
 54.61;  1.404064
 55.11;  1.403785
 55.62;  1.403689
 56.12;  1.403643
 56.62;  1.4036160000000002
 57.12;  1.4035980000000001
 57.62;  1.4035790000000001
 58.12;  1.403561
 58.62;  1.403549
 59.12;  1.403535
 59.62;  1.4035250000000001
 60.13;  1.403514
 60.63;  1.4034989999999998
 61.13;  1.403491
 61.63;  1.4034799999999998
 62.13;  1.40347
 62.63;  1.4034609999999998
 63.13;  1.4034550000000001
 63.63;  1.4034449999999998
 64.14;  1.4034360000000001
 64.64;  1.4034309999999999
 65.14;  1.4034220000000002
 65.64;  1.4034119999999999
 66.14;  1.403409
 66.64;  1.403402
 67.14;  1.403399
 67.64;  1.403388
 68.14;  1.403386
 68.64;  1.403376
 69.14;  1.403373
 69.64;  1.4033660000000001
 70.14;  1.403362
 70.65;  1.4033579999999999
 71.15;  1.4033540000000002
 71.65;  1.403348
 72.15;  1.403343
 72.65;  1.403338
 73.15;  1.403335
 73.65;  1.40333
 74.15;  1.403326
 74.65;  1.4033229999999999
 75.15;  1.4033170000000001
 75.65;  1.403314
 76.16;  1.403313
 76.66;  1.4033069999999999
 77.16;  1.4033069999999999
 77.66;  1.403306
 78.16;  1.403297
 78.66;  1.403294
 79.16;  1.40329
 79.66;  1.4032879999999999
 80.16;  1.403284
 80.66;  1.403283
 81.17;  1.403279
 81.67;  1.403277
 82.17;  1.403273
 82.67;  1.4032719999999999
 83.17;  1.4032660000000001
 83.67;  1.403268
 84.17;  1.403265
 84.67;  1.403264
 85.17;  1.403261
 85.68;  1.403257
 86.18;  1.4032529999999999
 86.68;  1.403252
 87.18;  1.4032499999999999
 87.68;  1.403252
 88.18;  1.403249
 88.68;  1.403243
 89.18;  1.40324
 89.68;  1.403239
 90.18;  1.40324
 90.69;  1.403235
 91.19;  1.403233
 91.69;  1.4032339999999999
 92.19;  1.4032300000000002
 92.69;  1.4032300000000002
 93.19;  1.403224
 93.69;  1.403225
 94.19;  1.403224
 94.69;  1.40322
 95.20;  1.403221
 95.70;  1.403216
 96.20;  1.403214
 96.70;  1.4032120000000001
 97.20;  1.403214
 97.70;  1.403211
 98.20;  1.403211
 98.70;  1.403206
 99.20;  1.403206
 99.70;  1.403206
 100.20;  1.403205
 100.71;  1.403203
 101.21;  1.403201
 101.71;  1.403201
 102.21;  1.4031989999999999
 102.71;  1.403198
 103.21;  1.403194
 103.71;  1.4031930000000001
 104.21;  1.403191
 104.71;  1.4031930000000001
 105.21;  1.403194
 105.71;  1.403188
 106.22;  1.403185
 106.72;  1.403186
 107.22;  1.403186
 107.72;  1.403184
 108.22;  1.403184
 108.72;  1.4031829999999998
 109.22;  1.403184
 109.72;  1.403178
 110.22;  1.4031799999999999
 110.72;  1.403179
 111.23;  1.403179
 111.73;  1.403179
 112.23;  1.403178
 112.73;  1.403175
 113.23;  1.403173
 113.73;  1.4031740000000001
 114.23;  1.403173
 114.73;  1.403172
 115.24;  1.40317
 115.74;  1.403171
 116.24;  1.403168
 116.74;  1.403168
 117.24;  1.4031639999999999
 117.74;  1.403163
 118.24;  1.4031639999999999
 118.74;  1.4031639999999999
 119.25;  1.403165
 119.75;  1.4031639999999999
 120.25;  1.403159
 120.75;  1.4031619999999998
 121.25;  1.4031600000000002
 121.75;  1.4031600000000002
 122.25;  1.403163
 122.75;  1.403156
 123.25;  1.403159
 123.75;  1.403156
 124.25;  1.4031580000000001
 124.75;  1.403155
 125.25;  1.403157
 125.76;  1.403156
 126.26;  1.403153
 126.76;  1.403154
 127.26;  1.403154
 127.76;  1.403152
 128.26;  1.403151
 128.76;  1.403149
 129.26;  1.403149
 129.76;  1.403147
 130.27;  1.40315
 130.77;  1.403146
 131.27;  1.403146
 131.77;  1.403149
 132.27;  1.403147
 132.77;  1.4031449999999999
 133.27;  1.403144
 133.77;  1.4031420000000001
 134.27;  1.4031420000000001
 134.78;  1.403143
 135.28;  1.4031420000000001
 135.78;  1.403143
 136.28;  1.403143
 136.78;  1.40314
 137.28;  1.403138
 137.78;  1.40314
 138.28;  1.40314
 138.79;  1.403141
 139.29;  1.40314
 139.79;  1.403137
 140.29;  1.403137
 140.79;  1.403135
 141.29;  1.403137
 141.79;  1.4031339999999999
 142.29;  1.403137
 142.79;  1.4031339999999999
 143.29;  1.403133
 143.80;  1.403132
 144.30;  1.4031339999999999
 144.80;  1.403131
 145.30;  1.403131
 145.80;  1.403132
 146.30;  1.4031289999999998
 146.80;  1.4031289999999998
 147.30;  1.4031289999999998
 147.80;  1.403127
 148.30;  1.4031259999999999
 148.81;  1.403127
 149.31;  1.403127
 149.81;  1.403128
 150.31;  1.403128
 150.81;  1.4031259999999999
 151.31;  1.4031250000000002
 151.81;  1.4031250000000002
 152.31;  1.4031230000000001
 152.81;  1.4031250000000002
 153.31;  1.4031230000000001
 153.82;  1.4031230000000001
 154.32;  1.403121
 154.82;  1.4031200000000001
 155.32;  1.403119
 155.82;  1.403119
 156.32;  1.4031200000000001
 156.82;  1.403118
 157.32;  1.403118
 157.82;  1.403121
 158.32;  1.403118
 158.83;  1.403121
 159.33;  1.403119
 159.83;  1.403115
 160.33;  1.403117
 160.83;  1.403116
 161.33;  1.403115
 161.83;  1.403113
 162.33;  1.403115
 162.83;  1.403116
 163.33;  1.403113
 163.84;  1.403113
 164.34;  1.403112
 164.84;  1.403108
 165.34;  1.403114
 165.84;  1.4031099999999999
 166.34;  1.403111
 166.84;  1.403111
 167.34;  1.403111
 167.84;  1.403109
 168.34;  1.403108
 168.84;  1.403108
 169.35;  1.403109
 169.85;  1.403107
 170.35;  1.403108
 170.85;  1.403109
 171.35;  1.4031060000000002
 171.85;  1.403107
 172.35;  1.4031060000000002
 172.85;  1.4031060000000002
 173.35;  1.403108
 173.85;  1.403105
 174.35;  1.4031040000000001
 174.86;  1.403105
 175.36;  1.4031040000000001
 175.86;  1.4031060000000002
 176.36;  1.403101
 176.86;  1.4031040000000001
 177.36;  1.403101
 177.86;  1.403103
 178.36;  1.4031
 178.86;  1.4031
 179.37;  1.403102
 179.87;  1.403102
 180.37;  1.4031
 180.87;  1.403098
 181.37;  1.4031
 181.87;  1.403099
 182.37;  1.4031
 182.87;  1.403095
 183.37;  1.403097
 183.87;  1.403098
 184.37;  1.403096
 184.88;  1.403097
 185.38;  1.403096
 185.88;  1.4030939999999998
 186.38;  1.4030939999999998
 186.88;  1.403093
 187.38;  1.403092
 187.88;  1.403098
 188.38;  1.403096
 188.88;  1.403093
 189.38;  1.403092
 189.89;  1.403095
 190.39;  1.403093
 190.89;  1.403096
 191.39;  1.403093
 191.89;  1.403095
 192.39;  1.403092
 192.89;  1.4030900000000002
 193.39;  1.403092
 193.89;  1.403089
 194.39;  1.4030909999999999
 194.90;  1.4030900000000002
 195.40;  1.4030900000000002
 195.90;  1.403087
 196.40;  1.403089
 196.90;  1.403089
 197.40;  1.4030850000000001
 197.90;  1.403089
 198.40;  1.403089
 198.91;  1.4030880000000001
 199.41;  1.4030850000000001
 199.91;  1.403087