3.1850e-01   9.9900e-01   7.1500e-04             NA
6.1183e-01   9.9900e-01   7.1500e-04             NA
9.3142e-01   9.9900e-01   7.1500e-04             NA
9.7639e-01   9.9900e-01   7.1500e-04             NA
1.3188e+00   1.0000e+00   7.1500e-04             NA
1.3793e+00   9.9900e-01   7.1500e-04             NA
1.6803e+00   9.9900e-01   7.1500e-04             NA
1.7609e+00   9.9900e-01   7.1500e-04             NA
1.8813e+00   9.9900e-01   7.1500e-04             NA
2.0599e+00   1.0000e+00   7.1500e-04             NA
2.2456e+00   1.0000e+00   7.1500e-04             NA
2.4489e+00   1.0000e+00   7.1500e-04             NA
2.8166e+00   9.9900e-01   7.1500e-04             NA
3.0382e+00   9.9900e-01   7.1500e-04             NA
3.2329e+00   9.9900e-01   7.1500e-04             NA
3.4172e+00   9.9900e-01   7.1500e-04             NA
3.6083e+00   9.9900e-01   7.1500e-04             NA
3.6612e+00   1.0000e+00   7.1500e-04             NA
3.9779e+00   9.9900e-01   7.1500e-04             NA
4.1730e+00   1.0000e+00   7.1500e-04             NA
4.2603e+00   9.9900e-01   7.1500e-04             NA
4.5368e+00   9.9900e-01   7.1500e-04             NA
4.5769e+00   9.9900e-01   7.1500e-04             NA
4.9043e+00   9.9900e-01   7.1500e-04             NA
5.1021e+00   9.9900e-01   7.1500e-04             NA
5.1602e+00   9.9900e-01   7.1500e-04             NA
5.3109e+00   1.0000e+00   7.1500e-04             NA
5.6386e+00   9.9900e-01   7.1500e-04             NA
5.8256e+00   1.0000e+00   7.1500e-04             NA
6.0201e+00   9.9900e-01   7.1500e-04             NA
6.0613e+00   9.9900e-01   7.1500e-04             NA
6.2610e+00   9.9900e-01   7.1500e-04             NA
6.6051e+00   9.9900e-01   7.1500e-04             NA
6.7931e+00   9.9900e-01   7.1500e-04             NA
6.9783e+00   1.0000e+00   7.1500e-04             NA
7.1681e+00   9.9900e-01   7.1500e-04             NA
7.2608e+00   1.0000e+00   7.1500e-04             NA
7.5176e+00   9.9900e-01   7.1500e-04             NA
7.7207e+00   1.0000e+00   7.1500e-04             NA
7.9273e+00   9.9900e-01   7.1500e-04             NA
8.1343e+00   9.9900e-01   7.1500e-04             NA
8.1736e+00   1.0000e+00   7.1500e-04             NA
8.5619e+00   2.0000e+00   1.4300e-03             NA
8.6609e+00   2.0000e+00   1.4300e-03             NA
8.7771e+00   2.0000e+00   1.4300e-03             NA
9.1462e+00   2.0000e+00   1.4300e-03             NA
9.1908e+00   2.0000e+00   1.4300e-03             NA
9.5475e+00   2.0000e+00   1.4300e-03             NA
9.7437e+00   2.0000e+00   1.4300e-03             NA
9.9373e+00   2.0000e+00   1.4300e-03             NA
9.9776e+00   2.0000e+00   1.4300e-03             NA
1.0315e+01   2.0010e+00   1.4300e-03             NA
1.0507e+01   2.0000e+00   1.4300e-03             NA
1.0716e+01   2.0000e+00   1.4300e-03             NA
1.0916e+01   2.0000e+00   1.4300e-03             NA
1.1109e+01   2.0000e+00   1.4300e-03             NA
1.1160e+01   2.0000e+00   1.4300e-03             NA
1.1464e+01   2.0000e+00   1.4300e-03             NA
1.1650e+01   2.0000e+00   1.4300e-03             NA
1.1848e+01   2.0000e+00   1.4300e-03             NA
1.1892e+01   2.0000e+00   1.4300e-03             NA
1.2077e+01   2.0000e+00   1.4300e-03             NA
1.2253e+01   2.0000e+00   1.4300e-03             NA
1.2588e+01   2.0000e+00   1.4300e-03             NA
1.2791e+01   2.0000e+00   1.4300e-03             NA
1.2861e+01   2.0000e+00   1.4300e-03             NA
1.3157e+01   2.0000e+00   1.4300e-03             NA
1.3359e+01   2.0000e+00   1.4300e-03             NA
1.3553e+01   2.0000e+00   1.4300e-03             NA
1.3775e+01   2.0000e+00   1.4300e-03             NA
1.3860e+01   2.0000e+00   1.4300e-03             NA
1.4146e+01   2.0000e+00   1.4300e-03             NA
1.4182e+01   2.0000e+00   1.4300e-03             NA
1.4501e+01   2.0000e+00   1.4300e-03             NA
1.4682e+01   2.0000e+00   1.4300e-03             NA
1.4760e+01   2.0000e+00   1.4300e-03             NA
1.4876e+01   2.0000e+00   1.4300e-03             NA
1.5215e+01   2.0000e+00   1.4300e-03             NA
1.5403e+01   2.0000e+00   1.4300e-03             NA
1.5588e+01   2.0010e+00   1.4300e-03             NA
1.5786e+01   2.0000e+00   1.4300e-03             NA
1.5983e+01   2.0000e+00   1.4300e-03             NA
1.6209e+01   3.0010e+00   2.1450e-03             NA
1.6430e+01   3.0010e+00   2.1450e-03             NA
1.6657e+01   3.0010e+00   2.1450e-03             NA
1.6860e+01   3.0010e+00   2.1450e-03             NA
1.7062e+01   3.0010e+00   2.1455e-03             NA
1.7246e+01   3.0010e+00   2.1450e-03             NA
1.7434e+01   3.0000e+00   2.1450e-03             NA
1.7622e+01   3.0010e+00   2.1455e-03             NA
1.7823e+01   3.0000e+00   2.1450e-03             NA
1.8023e+01   3.0010e+00   2.1450e-03             NA
1.8064e+01   3.0010e+00   2.1455e-03             NA
1.8409e+01   3.0000e+00   2.1455e-03             NA
1.8613e+01   3.0000e+00   2.1455e-03             NA
1.8813e+01   3.0000e+00   2.1455e-03             NA
1.9026e+01   3.0000e+00   2.1455e-03             NA
1.9228e+01   3.0010e+00   2.1455e-03             NA
1.9431e+01   3.0000e+00   2.1455e-03             NA
1.9637e+01   3.0010e+00   2.1455e-03             NA
1.9683e+01   3.0010e+00   2.1455e-03             NA
2.0051e+01   3.0000e+00   2.1455e-03             NA
2.0099e+01   3.0010e+00   2.1460e-03             NA
2.0273e+01   3.0010e+00   2.1465e-03             NA
2.0605e+01   3.0000e+00   2.1465e-03             NA
2.0781e+01   3.0010e+00   2.1465e-03             NA
2.0976e+01   3.0010e+00   2.1465e-03             NA
2.1166e+01   3.0000e+00   2.1465e-03             NA
2.1262e+01   3.0010e+00   2.1465e-03             NA
2.1516e+01   3.0000e+00   2.1465e-03             NA
2.1728e+01   3.0010e+00   2.1465e-03             NA
2.1920e+01   3.0000e+00   2.1470e-03             NA
2.2175e+01   4.0000e+00   2.8615e-03             NA
2.2261e+01   4.0000e+00   2.8615e-03             NA
2.2549e+01   4.0000e+00   2.8620e-03             NA
2.2740e+01   4.0000e+00   2.8625e-03             NA
2.2915e+01   4.0000e+00   2.8625e-03             NA
2.3111e+01   4.0000e+00   2.8630e-03             NA
2.3286e+01   4.0000e+00   2.8630e-03             NA
2.3467e+01   4.0000e+00   2.8630e-03             NA
2.3560e+01   4.0000e+00   2.8630e-03             NA
2.3804e+01   4.0000e+00   2.8630e-03             NA
2.3989e+01   4.0000e+00   2.8630e-03             NA
2.4060e+01   4.0000e+00   2.8630e-03             NA
2.4339e+01   4.0000e+00   2.8640e-03             NA
2.4528e+01   4.0000e+00   2.8640e-03             NA
2.4715e+01   4.0000e+00   2.8645e-03             NA
2.4896e+01   4.0000e+00   2.8640e-03             NA
2.5080e+01   4.0000e+00   2.8650e-03             NA
2.5161e+01   4.0000e+00   2.8650e-03             NA
2.5447e+01   4.0000e+00   2.8655e-03             NA
2.5637e+01   4.0000e+00   2.8650e-03             NA
2.5830e+01   4.0000e+00   2.8655e-03             NA
2.6007e+01   4.0000e+00   2.8655e-03             NA
2.6061e+01   4.0000e+00   2.8655e-03             NA
2.6360e+01   4.0000e+00   2.8660e-03             NA
2.6545e+01   4.0000e+00   2.8665e-03             NA
2.6741e+01   4.0000e+00   2.8665e-03             NA
2.6928e+01   4.0000e+00   2.8665e-03             NA
2.7107e+01   4.0000e+00   2.8665e-03             NA
2.7290e+01   4.0000e+00   2.8665e-03             NA
2.7483e+01   4.0000e+00   2.8665e-03             NA
2.7677e+01   4.0000e+00   2.8665e-03             NA
2.7866e+01   4.0000e+00   2.8665e-03             NA
2.8074e+01   4.0000e+00   2.8665e-03             NA
2.8264e+01   4.0000e+00   2.8670e-03             NA
2.8361e+01   4.0000e+00   2.8665e-03             NA
2.8631e+01   3.0000e+00   2.1515e-03             NA
2.8834e+01   3.0000e+00   2.1515e-03             NA
2.9027e+01   3.0000e+00   2.1515e-03             NA
2.9221e+01   3.0010e+00   2.1515e-03             NA
2.9424e+01   3.0010e+00   2.1515e-03             NA
2.9609e+01   3.0000e+00   2.1515e-03             NA
2.9798e+01   3.0010e+00   2.1515e-03             NA
2.9985e+01   3.0010e+00   2.1515e-03             NA
3.0061e+01   3.0010e+00   2.1515e-03             NA
3.0184e+01   3.0000e+00   2.1515e-03             NA
3.0508e+01   3.0010e+00   2.1515e-03             NA
3.0717e+01   3.0000e+00   2.1515e-03             NA
3.0919e+01   3.0010e+00   2.1515e-03             NA
3.1130e+01   3.0000e+00   2.1515e-03             NA
3.1323e+01   3.0000e+00   2.1515e-03             NA
3.1361e+01   3.0000e+00   2.1515e-03             NA
3.1681e+01   3.0010e+00   2.1515e-03             NA
3.1873e+01   3.0010e+00   2.1515e-03             NA
3.2065e+01   3.0000e+00   2.1515e-03             NA
3.2260e+01   3.0010e+00   2.1515e-03             NA
3.2437e+01   3.0010e+00   2.1515e-03             NA
3.2624e+01   3.0000e+00   2.1515e-03             NA
3.2808e+01   3.0010e+00   2.1515e-03             NA
3.3007e+01   3.0010e+00   2.1515e-03             NA
3.3194e+01   3.0010e+00   2.1515e-03             NA
3.3380e+01   3.0010e+00   2.1515e-03             NA
3.3551e+01   3.0000e+00   2.1515e-03             NA
3.3743e+01   3.0000e+00   2.1515e-03             NA
3.3929e+01   3.0000e+00   2.1515e-03             NA
3.4130e+01   3.0010e+00   2.1515e-03             NA
3.4329e+01   3.0000e+00   2.1515e-03             NA
3.4564e+01   2.0000e+00   1.4345e-03             NA
3.4757e+01   2.0000e+00   1.4345e-03             NA
3.4949e+01   2.0000e+00   1.4345e-03             NA
3.4990e+01   2.0000e+00   1.4345e-03             NA
3.5324e+01   2.0010e+00   1.4345e-03             NA
3.5366e+01   2.0000e+00   1.4345e-03             NA
3.5694e+01   2.0000e+00   1.4345e-03             NA
3.5890e+01   2.0000e+00   1.4345e-03             NA
3.6101e+01   2.0000e+00   1.4345e-03             NA
3.6296e+01   2.0000e+00   1.4345e-03             NA
3.6361e+01   2.0000e+00   1.4345e-03             NA
3.6533e+01   2.0010e+00   1.4345e-03             NA
3.6882e+01   2.0000e+00   1.4345e-03             NA
3.6960e+01   2.0000e+00   1.4345e-03             NA
3.7265e+01   2.0000e+00   1.4345e-03             NA
3.7440e+01   2.0010e+00   1.4345e-03             NA
3.7638e+01   2.0000e+00   1.4345e-03             NA
3.7842e+01   2.0000e+00   1.4345e-03             NA
3.7879e+01   2.0000e+00   1.4345e-03             NA
3.8220e+01   2.0000e+00   1.4345e-03             NA
3.8416e+01   2.0000e+00   1.4345e-03             NA
3.8611e+01   2.0000e+00   1.4345e-03             NA
3.8828e+01   2.0000e+00   1.4345e-03             NA
3.9024e+01   2.0000e+00   1.4345e-03             NA
3.9218e+01   2.0000e+00   1.4345e-03             NA
3.9400e+01   2.0000e+00   1.4345e-03             NA
3.9584e+01   2.0000e+00   1.4345e-03             NA
3.9770e+01   2.0000e+00   1.4345e-03             NA
3.9860e+01   2.0000e+00   1.4345e-03             NA
3.9968e+01   2.0000e+00   1.4345e-03             NA
4.0329e+01   9.9900e-01   7.1750e-04             NA
4.0373e+01   9.9900e-01   7.1750e-04             NA
4.0698e+01   1.0000e+00   7.1750e-04             NA
4.0890e+01   9.9900e-01   7.1750e-04             NA
4.1090e+01   1.0000e+00   7.1750e-04             NA
4.1298e+01   9.9900e-01   7.1750e-04             NA
4.1482e+01   9.9900e-01   7.1750e-04             NA
4.1680e+01   9.9900e-01   7.1750e-04             NA
4.1882e+01   9.9900e-01   7.1750e-04             NA
4.2076e+01   9.9900e-01   7.1750e-04             NA
4.2160e+01   1.0000e+00   7.1750e-04             NA
4.2291e+01   9.9900e-01   7.1750e-04             NA
4.2614e+01   1.0000e+00   7.1750e-04             NA
4.2808e+01   9.9900e-01   7.1750e-04             NA
4.3018e+01   9.9900e-01   7.1750e-04             NA
4.3224e+01   9.9900e-01   7.1750e-04             NA
4.3433e+01   9.9900e-01   7.1750e-04             NA
4.3618e+01   9.9900e-01   7.1750e-04             NA
4.3797e+01   1.0000e+00   7.1750e-04             NA
4.3998e+01   1.0000e+00   7.1750e-04             NA
4.4177e+01   1.0000e+00   7.1750e-04             NA
4.4365e+01   9.9900e-01   7.1750e-04             NA
4.4567e+01   9.9900e-01   7.1750e-04             NA
4.4750e+01   9.9900e-01   7.1750e-04             NA
4.4951e+01   9.9900e-01   7.1750e-04             NA
4.5143e+01   1.0000e+00   7.1750e-04             NA
4.5192e+01   1.0000e+00   7.1750e-04             NA
4.5524e+01   1.0000e+00   7.1750e-04             NA
4.5715e+01   9.9900e-01   7.1750e-04             NA
4.5910e+01   1.0000e+00   7.1750e-04             NA
4.6094e+01   9.9900e-01   7.1750e-04             NA
4.6284e+01   1.0000e+00   7.1750e-04             NA
4.6491e+01   9.9900e-01   7.1750e-04             NA
4.6679e+01   9.9900e-01   7.1750e-04             NA
4.6872e+01   1.0000e+00   7.1750e-04             NA


