1.4150e-02   1.0000e+00   6.3950e-04             NA
1.9293e-01   1.0000e+00   6.3950e-04             NA
3.6266e-01   1.0000e+00   6.3950e-04             NA
5.1788e-01   1.0000e+00   6.3900e-04             NA
6.7000e-01   9.9900e-01   6.3900e-04             NA
8.2364e-01   9.9900e-01   6.3950e-04             NA
9.7515e-01   1.0000e+00   6.3900e-04             NA
1.1256e+00   9.9900e-01   6.3900e-04             NA
1.2790e+00   9.9900e-01   6.3900e-04             NA
1.4414e+00   9.9900e-01   6.3900e-04             NA
1.6025e+00   9.9900e-01   6.3900e-04             NA
1.7595e+00   9.9900e-01   6.3900e-04             NA
1.9140e+00   9.9900e-01   6.3900e-04             NA
2.0801e+00   1.0000e+00   6.3900e-04             NA
2.2332e+00   9.9900e-01   6.3900e-04             NA
2.5318e+00   1.0000e+00   6.3950e-04             NA
2.6129e+00   9.9900e-01   6.3950e-04             NA
2.8735e+00   1.0000e+00   6.3950e-04             NA
3.0440e+00   1.0000e+00   6.3950e-04             NA
3.1126e+00   9.9900e-01   6.3950e-04             NA
3.3591e+00   9.9900e-01   6.3950e-04             NA
3.5397e+00   9.9900e-01   6.3900e-04             NA
3.6109e+00   9.9900e-01   6.3950e-04             NA
3.7235e+00   9.9900e-01   6.3950e-04             NA
3.8882e+00   1.0000e+00   6.3900e-04             NA
4.1844e+00   1.0000e+00   6.3900e-04             NA
4.2162e+00   9.9900e-01   6.3900e-04             NA
4.3729e+00   9.9900e-01   6.3900e-04             NA
4.6740e+00   1.0000e+00   6.3900e-04             NA
4.8470e+00   9.9900e-01   6.3900e-04             NA
5.0248e+00   9.9900e-01   6.3900e-04             NA
5.1111e+00   9.9900e-01   6.3900e-04             NA
5.3874e+00   1.0000e+00   6.3900e-04             NA
5.5610e+00   9.9900e-01   6.3900e-04             NA
5.7375e+00   9.9900e-01   6.3900e-04             NA
5.9029e+00   9.9900e-01   6.3900e-04             NA
6.0864e+00   9.9900e-01   6.3900e-04             NA
6.1234e+00   9.9900e-01   6.3900e-04             NA
6.4265e+00   9.9900e-01   6.3900e-04             NA
6.5952e+00   1.0000e+00   6.3900e-04             NA
6.7655e+00   9.9900e-01   6.3900e-04             NA
6.9460e+00   1.0000e+00   6.3900e-04             NA
7.1110e+00   9.9900e-01   6.3900e-04             NA
7.2118e+00   9.9900e-01   6.3950e-04             NA
7.3114e+00   9.9900e-01   6.3900e-04             NA
7.5989e+00   9.9900e-01   6.3900e-04             NA
7.7767e+00   9.9900e-01   6.3900e-04             NA
7.9590e+00   1.0000e+00   6.3900e-04             NA
8.1464e+00   9.9900e-01   6.3900e-04             NA
8.2113e+00   9.9900e-01   6.3900e-04             NA
8.3370e+00   9.9900e-01   6.3900e-04             NA
8.5035e+00   1.0000e+00   6.3900e-04             NA
8.7125e+00   2.0000e+00   1.2715e-03             NA
8.8707e+00   2.0000e+00   1.2720e-03             NA
9.1444e+00   2.0000e+00   1.2725e-03             NA
9.2106e+00   2.0000e+00   1.2730e-03             NA
9.4544e+00   2.0000e+00   1.2730e-03             NA
9.6145e+00   2.0000e+00   1.2735e-03             NA
9.7965e+00   2.0000e+00   1.2735e-03             NA
9.9713e+00   2.0000e+00   1.2735e-03             NA
1.0129e+01   2.0000e+00   1.2735e-03             NA
1.0212e+01   2.0000e+00   1.2735e-03             NA
1.0454e+01   2.0000e+00   1.2725e-03             NA
1.0624e+01   2.0000e+00   1.2725e-03             NA
1.1548e+01   2.0000e+00   1.2740e-03             NA
1.1731e+01   2.0000e+00   1.2745e-03             NA
1.1912e+01   2.0000e+00   1.2745e-03             NA
1.2080e+01   2.0000e+00   1.2745e-03             NA
1.2112e+01   2.0000e+00   1.2745e-03             NA
1.2413e+01   2.0000e+00   1.2750e-03             NA
1.2589e+01   2.0000e+00   1.2750e-03             NA
1.2764e+01   2.0000e+00   1.2755e-03             NA
1.2937e+01   2.0000e+00   1.2755e-03             NA
1.3092e+01   2.0000e+00   1.2760e-03             NA
1.3268e+01   2.0000e+00   1.2750e-03             NA
1.3454e+01   2.0000e+00   1.2755e-03             NA
1.3620e+01   2.0010e+00   1.2765e-03             NA
1.3787e+01   2.0000e+00   1.2760e-03             NA
1.3955e+01   2.0000e+00   1.2760e-03             NA
1.4114e+01   2.0000e+00   1.2760e-03             NA
1.4211e+01   2.0000e+00   1.2760e-03             NA
1.4410e+01   2.0000e+00   1.2760e-03             NA
1.4582e+01   2.0000e+00   1.2765e-03             NA
1.4742e+01   2.0000e+00   1.2765e-03             NA
1.4811e+01   2.0000e+00   1.2765e-03             NA
1.5046e+01   2.0000e+00   1.2765e-03             NA
1.5112e+01   2.0000e+00   1.2765e-03             NA
1.5228e+01   2.0000e+00   1.2765e-03             NA
1.5512e+01   2.0000e+00   1.2765e-03             NA
1.5676e+01   2.0000e+00   1.2765e-03             NA
1.5845e+01   2.0000e+00   1.2765e-03             NA
1.6013e+01   2.0000e+00   1.2770e-03             NA
1.6110e+01   2.0000e+00   1.2770e-03             NA
1.6319e+01   2.0000e+00   1.2765e-03             NA
1.6488e+01   2.0000e+00   1.2770e-03             NA
1.6661e+01   2.0000e+00   1.2770e-03             NA
1.6816e+01   2.0000e+00   1.2770e-03             NA
1.6977e+01   2.0000e+00   1.2770e-03             NA
1.7132e+01   2.0000e+00   1.2765e-03             NA
1.7297e+01   2.0000e+00   1.2765e-03             NA
1.7454e+01   2.0000e+00   1.2770e-03             NA
1.7611e+01   2.0000e+00   1.2770e-03             NA
1.7771e+01   2.0000e+00   1.2770e-03             NA
1.7926e+01   2.0000e+00   1.2775e-03             NA
1.8098e+01   2.0000e+00   1.2775e-03             NA
1.8130e+01   2.0000e+00   1.2775e-03             NA
1.8411e+01   2.0000e+00   1.2770e-03             NA
1.8562e+01   2.0000e+00   1.2770e-03             NA
1.8611e+01   2.0000e+00   1.2775e-03             NA
1.8873e+01   2.0000e+00   1.2770e-03             NA
1.9039e+01   2.0000e+00   1.2770e-03             NA
1.9222e+01   2.0000e+00   1.2770e-03             NA
1.9411e+01   2.0000e+00   1.2775e-03             NA
1.9444e+01   2.0000e+00   1.2775e-03             NA
1.9737e+01   2.0010e+00   1.2770e-03             NA
1.9911e+01   2.0000e+00   1.2770e-03             NA
2.0078e+01   2.0000e+00   1.2775e-03             NA
2.0112e+01   2.0000e+00   1.2775e-03             NA
2.0410e+01   2.0000e+00   1.2775e-03             NA
2.0579e+01   2.0000e+00   1.2780e-03             NA
2.0769e+01   2.0000e+00   1.2775e-03             NA
2.0933e+01   2.0000e+00   1.2775e-03             NA
2.1098e+01   2.0000e+00   1.2780e-03             NA
2.1134e+01   2.0000e+00   1.2780e-03             NA
2.1418e+01   2.0000e+00   1.2780e-03             NA
2.1642e+01   2.0000e+00   1.2780e-03             NA
2.1844e+01   2.0000e+00   1.2780e-03             NA
2.2084e+01   2.0000e+00   1.2785e-03             NA
2.2294e+01   2.0000e+00   1.2785e-03             NA
2.2486e+01   2.0000e+00   1.2790e-03             NA
2.2685e+01   2.0000e+00   1.2790e-03             NA
2.2883e+01   3.0000e+00   1.9025e-03             NA
2.2936e+01   3.0000e+00   1.9030e-03             NA
2.3304e+01   3.0000e+00   1.9040e-03             NA
2.3548e+01   3.0000e+00   1.9045e-03             NA
2.3770e+01   3.0010e+00   1.9050e-03             NA
2.3998e+01   3.0010e+00   1.9060e-03             NA
2.4203e+01   3.0000e+00   1.9060e-03             NA
2.4407e+01   3.0000e+00   1.9065e-03             NA
2.4603e+01   3.0010e+00   1.9065e-03             NA
2.4803e+01   3.0000e+00   1.9070e-03             NA
2.5012e+01   3.0010e+00   1.9070e-03             NA
2.5056e+01   3.0000e+00   1.9075e-03             NA
2.5391e+01   3.0000e+00   1.9075e-03             NA
2.5590e+01   3.0000e+00   1.9075e-03             NA
2.5791e+01   3.0000e+00   1.9075e-03             NA
2.5980e+01   3.0010e+00   1.9085e-03             NA
2.6184e+01   3.0010e+00   1.9080e-03             NA
2.6395e+01   3.0010e+00   1.9080e-03             NA
2.6433e+01   3.0010e+00   1.9075e-03             NA
2.6770e+01   3.0010e+00   1.9085e-03             NA
2.6977e+01   3.0000e+00   1.9085e-03             NA
2.7178e+01   3.0000e+00   1.9090e-03             NA
2.7372e+01   3.0000e+00   1.9090e-03             NA
2.7567e+01   3.0000e+00   1.9090e-03             NA
2.7761e+01   3.0000e+00   1.9090e-03             NA
2.7959e+01   3.0010e+00   1.9090e-03             NA
2.8163e+01   3.0010e+00   1.9090e-03             NA
2.8363e+01   3.0000e+00   1.9090e-03             NA
2.8561e+01   3.0010e+00   1.9090e-03             NA
2.8760e+01   3.0000e+00   1.9095e-03             NA
2.8964e+01   3.0000e+00   1.9090e-03             NA
2.9173e+01   3.0010e+00   1.9090e-03             NA
2.9376e+01   3.0000e+00   1.9090e-03             NA
2.9592e+01   3.0010e+00   1.9095e-03             NA
2.9807e+01   3.0000e+00   1.9095e-03             NA
3.0022e+01   3.0000e+00   1.9095e-03             NA
3.0221e+01   3.0000e+00   1.9095e-03             NA
3.0420e+01   3.0010e+00   1.9095e-03             NA
3.0633e+01   3.0000e+00   1.9095e-03             NA
3.0826e+01   3.0010e+00   1.9090e-03             NA
3.1024e+01   3.0000e+00   1.9095e-03             NA
3.1217e+01   3.0000e+00   1.9095e-03             NA
3.1405e+01   3.0010e+00   1.9095e-03             NA
3.1594e+01   3.0000e+00   1.9100e-03             NA
3.1804e+01   3.0010e+00   1.9105e-03             NA
3.2011e+01   3.0000e+00   1.9105e-03             NA
3.2209e+01   3.0010e+00   1.9105e-03             NA
3.2409e+01   3.0000e+00   1.9105e-03             NA
3.2611e+01   3.0010e+00   1.9110e-03             NA
3.2824e+01   3.0010e+00   1.9110e-03             NA
3.3090e+01   4.0000e+00   2.5160e-03             NA
3.3326e+01   4.0000e+00   2.5165e-03             NA
3.3571e+01   4.0000e+00   2.5160e-03             NA
3.3795e+01   4.0000e+00   2.5165e-03             NA
3.4008e+01   4.0000e+00   2.5170e-03             NA
3.4216e+01   4.0000e+00   2.5185e-03             NA
3.4314e+01   4.0000e+00   2.5190e-03             NA
3.4603e+01   4.0000e+00   2.5200e-03             NA
3.4800e+01   4.0000e+00   2.5210e-03             NA
3.4994e+01   4.0000e+00   2.5215e-03             NA
3.5211e+01   4.0000e+00   2.5215e-03             NA
3.5419e+01   4.0000e+00   2.5215e-03             NA
3.5650e+01   4.0000e+00   2.5230e-03             NA
3.5840e+01   4.0000e+00   2.5230e-03             NA
3.6027e+01   4.0000e+00   2.5230e-03             NA
3.6240e+01   4.0000e+00   2.5230e-03             NA
3.6459e+01   4.0000e+00   2.5235e-03             NA
3.6713e+01   4.0000e+00   2.5235e-03             NA
3.6912e+01   4.0000e+00   2.5245e-03             NA
3.6961e+01   4.0000e+00   2.5245e-03             NA
3.7323e+01   4.0000e+00   2.5245e-03             NA
3.7526e+01   4.0000e+00   2.5245e-03             NA
3.7725e+01   4.0000e+00   2.5245e-03             NA
3.7925e+01   4.0000e+00   2.5245e-03             NA
3.8130e+01   4.0000e+00   2.5250e-03             NA
3.8354e+01   4.0000e+00   2.5250e-03             NA
3.8548e+01   4.0000e+00   2.5250e-03             NA
3.8746e+01   4.0000e+00   2.5250e-03             NA
3.8946e+01   4.0000e+00   2.5250e-03             NA
3.9012e+01   4.0000e+00   2.5255e-03             NA
3.9379e+01   4.0000e+00   2.5255e-03             NA
3.9610e+01   4.0000e+00   2.5250e-03             NA
3.9661e+01   4.0000e+00   2.5250e-03             NA
4.0089e+01   4.0000e+00   2.5260e-03             NA
4.0323e+01   4.0000e+00   2.5255e-03             NA
4.0525e+01   4.0000e+00   2.5255e-03             NA
4.0722e+01   4.0000e+00   2.5260e-03             NA
4.0925e+01   4.0000e+00   2.5260e-03             NA
4.1106e+01   4.0000e+00   2.5260e-03             NA
4.1316e+01   4.0000e+00   2.5260e-03             NA
4.1525e+01   4.0000e+00   2.5265e-03             NA
4.1736e+01   4.0000e+00   2.5260e-03             NA
4.1940e+01   4.0000e+00   2.5260e-03             NA
4.2174e+01   4.0000e+00   2.5260e-03             NA
4.2426e+01   4.0000e+00   2.5265e-03             NA
4.2650e+01   4.0000e+00   2.5260e-03             NA
4.2848e+01   4.0000e+00   2.5265e-03             NA
4.3057e+01   4.0000e+00   2.5270e-03             NA
4.3113e+01   4.0000e+00   2.5270e-03             NA
4.3292e+01   4.0000e+00   2.5270e-03             NA
4.3630e+01   4.0000e+00   2.5270e-03             NA
4.3829e+01   4.0000e+00   2.5270e-03             NA
4.4034e+01   4.0000e+00   2.5280e-03             NA
4.4260e+01   4.0000e+00   2.5280e-03             NA
4.4313e+01   4.0000e+00   2.5280e-03             NA
4.4639e+01   4.0000e+00   2.5280e-03             NA
4.4833e+01   4.0000e+00   2.5285e-03             NA
4.5042e+01   4.0000e+00   2.5280e-03             NA
4.5112e+01   4.0000e+00   2.5285e-03             NA
4.5448e+01   4.0000e+00   2.5285e-03             NA
4.5666e+01   4.0000e+00   2.5285e-03             NA
4.5904e+01   4.0000e+00   2.5285e-03             NA
4.6137e+01   4.0000e+00   2.5285e-03             NA
4.6341e+01   4.0000e+00   2.5285e-03             NA
4.6594e+01   4.0000e+00   2.5285e-03             NA
4.6801e+01   4.0000e+00   2.5285e-03             NA
4.7034e+01   4.0000e+00   2.5285e-03             NA
4.7278e+01   4.0000e+00   2.5285e-03             NA
4.7319e+01   4.0000e+00   2.5285e-03             NA
4.7724e+01   4.0000e+00   2.5285e-03             NA
4.7925e+01   4.0000e+00   2.5290e-03             NA
4.8141e+01   4.0000e+00   2.5290e-03             NA
4.8212e+01   4.0000e+00   2.5290e-03             NA
4.8345e+01   4.0000e+00   2.5290e-03             NA
4.8739e+01   4.0000e+00   2.5295e-03             NA
4.8950e+01   4.0000e+00   2.5290e-03             NA
4.9171e+01   4.0000e+00   2.5290e-03             NA
4.9212e+01   4.0000e+00   2.5290e-03             NA
4.9581e+01   4.0000e+00   2.5295e-03             NA
4.9774e+01   4.0000e+00   2.5295e-03             NA
4.9970e+01   4.0000e+00   2.5295e-03             NA
5.0173e+01   4.0000e+00   2.5295e-03             NA
5.0214e+01   4.0000e+00   2.5295e-03             NA
5.0583e+01   4.0000e+00   2.5295e-03             NA
5.0772e+01   4.0000e+00   2.5295e-03             NA
5.0959e+01   4.0000e+00   2.5295e-03             NA
5.1014e+01   4.0000e+00   2.5290e-03             NA
5.1403e+01   4.0000e+00   2.5295e-03             NA
5.1826e+01   3.0010e+00   1.9225e-03             NA
5.2020e+01   3.0000e+00   1.9230e-03             NA
5.2231e+01   3.0000e+00   1.9225e-03             NA
5.2443e+01   3.0010e+00   1.9230e-03             NA
5.2636e+01   3.0010e+00   1.9225e-03             NA
5.2822e+01   3.0010e+00   1.9225e-03             NA
5.3014e+01   3.0000e+00   1.9230e-03             NA
5.3220e+01   3.0000e+00   1.9230e-03             NA
5.3313e+01   3.0010e+00   1.9225e-03             NA
5.3573e+01   3.0010e+00   1.9230e-03             NA
5.3763e+01   3.0000e+00   1.9230e-03             NA
5.3959e+01   3.0000e+00   1.9230e-03             NA
5.4145e+01   3.0010e+00   1.9230e-03             NA
5.4367e+01   3.0010e+00   1.9230e-03             NA
5.4568e+01   3.0010e+00   1.9230e-03             NA
5.4755e+01   3.0000e+00   1.9230e-03             NA
5.4812e+01   3.0000e+00   1.9230e-03             NA
5.5171e+01   3.0010e+00   1.9230e-03             NA
5.5371e+01   3.0010e+00   1.9230e-03             NA
5.5558e+01   3.0010e+00   1.9225e-03             NA
5.5611e+01   3.0000e+00   1.9230e-03             NA
5.5915e+01   3.0000e+00   1.9225e-03             NA
5.6108e+01   3.0000e+00   1.9230e-03             NA
5.6151e+01   3.0010e+00   1.9230e-03             NA
5.6471e+01   3.0010e+00   1.9230e-03             NA
5.6670e+01   3.0000e+00   1.9225e-03             NA
5.6863e+01   3.0010e+00   1.9225e-03             NA
5.7042e+01   3.0000e+00   1.9230e-03             NA
5.7269e+01   3.0010e+00   1.9225e-03             NA
5.7476e+01   3.0000e+00   1.9225e-03             NA
5.7664e+01   3.0010e+00   1.9225e-03             NA
5.7860e+01   3.0010e+00   1.9230e-03             NA
5.8051e+01   3.0010e+00   1.9225e-03             NA
5.8249e+01   3.0010e+00   1.9225e-03             NA
5.8311e+01   3.0000e+00   1.9230e-03             NA
5.8603e+01   3.0000e+00   1.9230e-03             NA
5.8782e+01   3.0000e+00   1.9230e-03             NA
5.8986e+01   3.0010e+00   1.9230e-03             NA
5.9196e+01   3.0010e+00   1.9230e-03             NA
5.9397e+01   3.0010e+00   1.9230e-03             NA
5.9586e+01   3.0010e+00   1.9230e-03             NA
5.9784e+01   3.0010e+00   1.9230e-03             NA
5.9976e+01   3.0010e+00   1.9230e-03             NA
6.0165e+01   3.0000e+00   1.9230e-03             NA
6.0236e+01   3.0000e+00   1.9230e-03             NA
6.0583e+01   3.0010e+00   1.9225e-03             NA
6.0625e+01   3.0000e+00   1.9230e-03             NA
6.0944e+01   3.0010e+00   1.9230e-03             NA
6.1127e+01   3.0000e+00   1.9230e-03             NA
6.1377e+01   3.0010e+00   1.9225e-03             NA
6.1573e+01   3.0000e+00   1.9230e-03             NA
6.1768e+01   3.0000e+00   1.9230e-03             NA
6.1812e+01   3.0000e+00   1.9230e-03             NA
6.1983e+01   3.0010e+00   1.9225e-03             NA
6.2316e+01   3.0010e+00   1.9225e-03             NA
6.2508e+01   3.0000e+00   1.9230e-03             NA
6.2701e+01   3.0010e+00   1.9230e-03             NA
6.2886e+01   3.0010e+00   1.9230e-03             NA
6.3170e+01   2.0000e+00   1.2945e-03             NA
6.3369e+01   2.0000e+00   1.2950e-03             NA
6.3565e+01   2.0000e+00   1.2945e-03             NA
6.3750e+01   2.0000e+00   1.2945e-03             NA
6.3948e+01   2.0000e+00   1.2950e-03             NA
6.4156e+01   2.0000e+00   1.2945e-03             NA
6.4360e+01   2.0000e+00   1.2950e-03             NA
6.4558e+01   2.0000e+00   1.2945e-03             NA
6.4759e+01   2.0000e+00   1.2945e-03             NA
6.4945e+01   2.0000e+00   1.2945e-03             NA
6.5012e+01   2.0000e+00   1.2945e-03             NA
6.5327e+01   2.0000e+00   1.2945e-03             NA
6.5411e+01   2.0000e+00   1.2945e-03             NA
6.5709e+01   2.0000e+00   1.2945e-03             NA
6.5905e+01   2.0000e+00   1.2945e-03             NA
6.6093e+01   2.0000e+00   1.2945e-03             NA
6.6285e+01   2.0000e+00   1.2945e-03             NA
6.6468e+01   2.0000e+00   1.2945e-03             NA
6.6511e+01   2.0000e+00   1.2945e-03             NA
6.6844e+01   2.0000e+00   1.2945e-03             NA
6.7032e+01   2.0000e+00   1.2945e-03             NA
6.7226e+01   2.0000e+00   1.2945e-03             NA
6.7412e+01   2.0000e+00   1.2945e-03             NA
6.7597e+01   2.0000e+00   1.2945e-03             NA
6.7797e+01   2.0000e+00   1.2945e-03             NA
6.7984e+01   2.0000e+00   1.2945e-03             NA
6.8176e+01   2.0000e+00   1.2945e-03             NA
6.8381e+01   2.0000e+00   1.2945e-03             NA
6.8555e+01   2.0000e+00   1.2945e-03             NA
6.8752e+01   2.0010e+00   1.2945e-03             NA
6.8942e+01   2.0000e+00   1.2945e-03             NA
6.9119e+01   2.0000e+00   1.2945e-03             NA
6.9314e+01   2.0000e+00   1.2945e-03             NA
6.9519e+01   2.0000e+00   1.2945e-03             NA
6.9708e+01   2.0000e+00   1.2945e-03             NA
6.9905e+01   2.0000e+00   1.2945e-03             NA
7.0098e+01   2.0000e+00   1.2945e-03             NA
7.0135e+01   2.0000e+00   1.2945e-03             NA
7.0475e+01   2.0000e+00   1.2945e-03             NA
7.0664e+01   2.0000e+00   1.2945e-03             NA
7.0852e+01   2.0000e+00   1.2945e-03             NA
7.1033e+01   2.0000e+00   1.2945e-03             NA
7.1220e+01   2.0000e+00   1.2945e-03             NA
7.1420e+01   2.0000e+00   1.2945e-03             NA
7.1596e+01   2.0000e+00   1.2945e-03             NA
7.1778e+01   2.0000e+00   1.2945e-03             NA
7.1811e+01   2.0000e+00   1.2945e-03             NA
7.2160e+01   2.0000e+00   1.2945e-03             NA
7.2348e+01   2.0000e+00   1.2945e-03             NA
7.2544e+01   2.0000e+00   1.2945e-03             NA
7.2741e+01   2.0000e+00   1.2945e-03             NA
7.2926e+01   2.0000e+00   1.2945e-03             NA
7.3128e+01   2.0000e+00   1.2945e-03             NA
7.3327e+01   2.0000e+00   1.2945e-03             NA
7.3523e+01   2.0000e+00   1.2945e-03             NA
7.3717e+01   2.0000e+00   1.2945e-03             NA
7.3903e+01   2.0000e+00   1.2945e-03             NA
7.4078e+01   2.0000e+00   1.2945e-03             NA
7.4269e+01   2.0000e+00   1.2945e-03             NA
7.4312e+01   2.0000e+00   1.2945e-03             NA
7.4638e+01   2.0000e+00   1.2945e-03             NA
7.4846e+01   2.0000e+00   1.2945e-03             NA
7.5049e+01   2.0000e+00   1.2945e-03             NA
7.5111e+01   2.0000e+00   1.2945e-03             NA
7.5416e+01   2.0000e+00   1.2945e-03             NA
7.5609e+01   2.0000e+00   1.2945e-03             NA
7.5802e+01   2.0000e+00   1.2945e-03             NA
7.5989e+01   2.0000e+00   1.2945e-03             NA
7.6177e+01   2.0000e+00   1.2945e-03             NA
7.6395e+01   2.0000e+00   1.2945e-03             NA
7.6600e+01   2.0000e+00   1.2950e-03             NA
7.6801e+01   2.0000e+00   1.2945e-03             NA
7.6839e+01   2.0000e+00   1.2945e-03             NA
7.7176e+01   2.0000e+00   1.2945e-03             NA
7.7432e+01   1.0000e+00   6.5150e-04             NA
7.7632e+01   9.9900e-01   6.5150e-04             NA
7.7824e+01   1.0000e+00   6.5150e-04             NA
7.8014e+01   9.9900e-01   6.5150e-04             NA
7.8219e+01   9.9900e-01   6.5150e-04             NA
7.8405e+01   1.0000e+00   6.5150e-04             NA
7.8596e+01   9.9900e-01   6.5150e-04             NA
7.8785e+01   9.9900e-01   6.5150e-04             NA
7.8966e+01   9.9900e-01   6.5150e-04             NA
7.9011e+01   9.9900e-01   6.5150e-04             NA
7.9334e+01   1.0000e+00   6.5150e-04             NA
7.9536e+01   9.9900e-01   6.5150e-04             NA
7.9740e+01   1.0000e+00   6.5150e-04             NA
7.9940e+01   9.9900e-01   6.5150e-04             NA
8.0132e+01   1.0000e+00   6.5150e-04             NA
8.0212e+01   9.9900e-01   6.5100e-04             NA
8.0495e+01   9.9900e-01   6.5150e-04             NA
8.0687e+01   9.9900e-01   6.5150e-04             NA
8.0877e+01   9.9900e-01   6.5150e-04             NA
8.1060e+01   9.9900e-01   6.5100e-04             NA
8.1256e+01   9.9900e-01   6.5150e-04             NA
8.1460e+01   9.9900e-01   6.5100e-04             NA
8.1511e+01   1.0000e+00   6.5150e-04             NA
8.1821e+01   1.0000e+00   6.5150e-04             NA
8.2007e+01   9.9900e-01   6.5150e-04             NA
8.2208e+01   9.9900e-01   6.5150e-04             NA
8.2243e+01   9.9900e-01   6.5150e-04             NA
8.2588e+01   9.9900e-01   6.5150e-04             NA
8.2623e+01   9.9900e-01   6.5150e-04             NA
8.2970e+01   1.0000e+00   6.5150e-04             NA
8.3167e+01   1.0000e+00   6.5150e-04             NA
8.3364e+01   1.0000e+00   6.5150e-04             NA
8.3573e+01   1.0000e+00   6.5150e-04             NA
8.3793e+01   1.0000e+00   6.5150e-04             NA
8.3985e+01   9.9900e-01   6.5150e-04             NA
8.4182e+01   1.0000e+00   6.5150e-04             NA
8.4381e+01   9.9900e-01   6.5150e-04             NA
8.4586e+01   9.9900e-01   6.5100e-04             NA
8.4800e+01   9.9900e-01   6.5150e-04             NA
8.5003e+01   1.0000e+00   6.5150e-04             NA
8.5208e+01   1.0000e+00   6.5150e-04             NA
8.5415e+01   9.9900e-01   6.5150e-04             NA
8.5620e+01   9.9900e-01   6.5150e-04             NA
8.5807e+01   9.9900e-01   6.5150e-04             NA
8.6004e+01   1.0000e+00   6.5150e-04             NA
8.6212e+01   9.9900e-01   6.5100e-04             NA
8.6398e+01   9.9900e-01   6.5150e-04             NA
8.6588e+01   1.0000e+00   6.5150e-04             NA
8.6790e+01   9.9900e-01   6.5150e-04             NA
8.6993e+01   1.0000e+00   6.5150e-04             NA
8.7199e+01   9.9900e-01   6.5150e-04             NA


