2.3900e-02   9.9900e-01   6.6600e-04             NA
4.6058e-01   9.9900e-01   6.6600e-04             NA
5.2994e-01   9.9900e-01   6.6600e-04             NA
7.1987e-01   9.9900e-01   6.6600e-04             NA
1.0274e+00   9.9900e-01   6.6600e-04             NA
1.1243e+00   9.9900e-01   6.6600e-04             NA
1.4737e+00   9.9900e-01   6.6600e-04             NA
1.7165e+00   9.9900e-01   6.6600e-04             NA
1.8957e+00   9.9900e-01   6.6600e-04             NA
2.0898e+00   9.9900e-01   6.6600e-04             NA
2.1225e+00   9.9900e-01   6.6600e-04             NA
2.5274e+00   9.9900e-01   6.6600e-04             NA
2.7396e+00   9.9900e-01   6.6600e-04             NA
2.9281e+00   9.9900e-01   6.6600e-04             NA
3.1121e+00   9.9900e-01   6.6600e-04             NA
3.8494e+00   9.9900e-01   6.6600e-04             NA
3.9232e+00   9.9900e-01   6.6600e-04             NA
4.2325e+00   9.9900e-01   6.6600e-04             NA
4.3272e+00   9.9900e-01   6.6600e-04             NA
4.7221e+00   9.9900e-01   6.6600e-04             NA
4.7578e+00   9.9900e-01   6.6600e-04             NA
5.0647e+00   9.9900e-01   6.6600e-04             NA
5.2624e+00   9.9900e-01   6.6600e-04             NA
5.5108e+00   9.9900e-01   6.6600e-04             NA
5.7301e+00   9.9900e-01   6.6600e-04             NA
5.9025e+00   9.9900e-01   6.6600e-04             NA
6.0846e+00   9.9900e-01   6.6600e-04             NA
6.1298e+00   9.9900e-01   6.6600e-04             NA
6.5618e+00   9.9900e-01   6.6600e-04             NA
6.7486e+00   9.9900e-01   6.6600e-04             NA
6.9239e+00   9.9900e-01   6.6600e-04             NA
7.1006e+00   9.9900e-01   6.6600e-04             NA
7.3272e+00   9.9900e-01   6.6600e-04             NA
7.6779e+00   2.0000e+00   1.3240e-03             NA
7.7744e+00   2.0000e+00   1.3240e-03             NA
8.0893e+00   2.0000e+00   1.3240e-03             NA
8.1231e+00   2.0010e+00   1.3240e-03             NA
8.5476e+00   2.0000e+00   1.3240e-03             NA
8.7908e+00   2.0000e+00   1.3240e-03             NA
8.9687e+00   2.0000e+00   1.3240e-03             NA
9.1722e+00   2.0000e+00   1.3240e-03             NA
9.2265e+00   2.0000e+00   1.3240e-03             NA
9.6923e+00   2.0000e+00   1.3240e-03             NA
9.9006e+00   2.0000e+00   1.3240e-03             NA
9.9350e+00   2.0000e+00   1.3240e-03             NA
1.0303e+01   2.0000e+00   1.3240e-03             NA
1.0364e+01   2.0000e+00   1.3240e-03             NA
1.0779e+01   2.0000e+00   1.3240e-03             NA
1.0948e+01   2.0000e+00   1.3240e-03             NA
1.1120e+01   2.0000e+00   1.3240e-03             NA
1.1153e+01   2.0000e+00   1.3240e-03             NA
1.1584e+01   2.0000e+00   1.3240e-03             NA
1.1797e+01   2.0000e+00   1.3240e-03             NA
1.1830e+01   2.0000e+00   1.3240e-03             NA
1.2130e+01   2.0000e+00   1.3240e-03             NA
1.2223e+01   2.0000e+00   1.3240e-03             NA
1.2551e+01   2.0000e+00   1.3240e-03             NA
1.2794e+01   2.0000e+00   1.3240e-03             NA
1.2973e+01   2.0000e+00   1.3240e-03             NA
1.3149e+01   2.0000e+00   1.3240e-03             NA
1.3394e+01   2.0000e+00   1.3240e-03             NA
1.3663e+01   2.0000e+00   1.3240e-03             NA
1.3887e+01   2.0000e+00   1.3240e-03             NA
1.4072e+01   2.0000e+00   1.3240e-03             NA
1.4123e+01   2.0010e+00   1.3240e-03             NA
1.4455e+01   2.0000e+00   1.3240e-03             NA
1.4733e+01   2.0000e+00   1.3240e-03             NA
1.4833e+01   2.0000e+00   1.3240e-03             NA
1.5177e+01   2.0000e+00   1.3240e-03             NA
1.5224e+01   2.0000e+00   1.3240e-03             NA
1.5659e+01   2.0000e+00   1.3240e-03             NA
1.5728e+01   2.0000e+00   1.3240e-03             NA
1.6032e+01   2.0000e+00   1.3240e-03             NA
1.6123e+01   2.0000e+00   1.3240e-03             NA
1.6449e+01   2.0000e+00   1.3240e-03             NA
1.6713e+01   2.0000e+00   1.3240e-03             NA
1.6776e+01   2.0000e+00   1.3240e-03             NA
1.6943e+01   2.0000e+00   1.3240e-03             NA
1.7110e+01   2.0000e+00   1.3240e-03             NA
1.7466e+01   2.0000e+00   1.3240e-03             NA
1.7727e+01   2.0000e+00   1.3240e-03             NA
1.7964e+01   2.0000e+00   1.3240e-03             NA
1.8139e+01   2.0000e+00   1.3240e-03             NA
1.8223e+01   3.0000e+00   1.9650e-03             NA
1.8422e+01   3.0000e+00   1.9650e-03             NA
1.8857e+01   3.0000e+00   1.9650e-03             NA
1.9037e+01   3.0000e+00   1.9650e-03             NA
1.9228e+01   3.0000e+00   1.9650e-03             NA
1.9331e+01   3.0000e+00   1.9650e-03             NA
1.9665e+01   3.0000e+00   1.9650e-03             NA
1.9882e+01   3.0000e+00   1.9650e-03             NA
2.0061e+01   3.0000e+00   1.9650e-03             NA
2.0122e+01   3.0000e+00   1.9650e-03             NA
2.0441e+01   3.0000e+00   1.9650e-03             NA
2.0688e+01   3.0000e+00   1.9650e-03             NA
2.0867e+01   3.0000e+00   1.9650e-03             NA
2.1039e+01   3.0000e+00   1.9650e-03             NA
2.1236e+01   3.0000e+00   1.9650e-03             NA
2.1487e+01   3.0000e+00   1.9650e-03             NA
2.1744e+01   3.0000e+00   1.9650e-03             NA
2.1970e+01   3.0000e+00   1.9650e-03             NA
2.2143e+01   3.0000e+00   1.9650e-03             NA
2.2311e+01   3.0000e+00   1.9650e-03             NA
2.2561e+01   3.0000e+00   1.9650e-03             NA
2.2812e+01   3.0000e+00   1.9650e-03             NA
2.2994e+01   3.0000e+00   1.9650e-03             NA
2.3194e+01   3.0000e+00   1.9655e-03             NA
2.3394e+01   3.0000e+00   1.9650e-03             NA
2.3646e+01   3.0000e+00   1.9650e-03             NA
2.3898e+01   3.0000e+00   1.9650e-03             NA
2.4083e+01   3.0000e+00   1.9650e-03             NA
2.4260e+01   3.0000e+00   1.9650e-03             NA
2.4477e+01   3.0000e+00   1.9650e-03             NA
2.4724e+01   3.0000e+00   1.9655e-03             NA
2.4941e+01   3.0000e+00   1.9655e-03             NA
2.5130e+01   3.0000e+00   1.9650e-03             NA
2.5222e+01   3.0000e+00   1.9655e-03             NA
2.5506e+01   3.0000e+00   1.9650e-03             NA
2.5765e+01   3.0000e+00   1.9655e-03             NA
2.5976e+01   3.0000e+00   1.9650e-03             NA
2.6149e+01   3.0000e+00   1.9655e-03             NA
2.6332e+01   3.0000e+00   1.9655e-03             NA
2.6583e+01   3.0000e+00   1.9655e-03             NA
2.6838e+01   3.0000e+00   1.9655e-03             NA
2.7024e+01   3.0000e+00   1.9655e-03             NA
2.7208e+01   3.0000e+00   1.9655e-03             NA
2.7382e+01   3.0000e+00   1.9655e-03             NA
2.7634e+01   3.0000e+00   1.9655e-03             NA
2.7879e+01   3.0000e+00   1.9655e-03             NA
2.8089e+01   3.0000e+00   1.9655e-03             NA
2.8278e+01   3.0000e+00   1.9655e-03             NA
2.8494e+01   3.0000e+00   1.9655e-03             NA
2.8746e+01   3.0000e+00   1.9655e-03             NA
2.8960e+01   3.0000e+00   1.9655e-03             NA
2.9134e+01   3.0000e+00   1.9655e-03             NA
2.9297e+01   3.0000e+00   1.9655e-03             NA
2.9532e+01   3.0000e+00   1.9655e-03             NA
2.9794e+01   3.0000e+00   1.9655e-03             NA
3.0001e+01   3.0000e+00   1.9655e-03             NA
3.0033e+01   3.0000e+00   1.9655e-03             NA
3.0313e+01   3.0000e+00   1.9655e-03             NA
3.0527e+01   3.0000e+00   1.9655e-03             NA
3.0778e+01   3.0000e+00   1.9655e-03             NA
3.1017e+01   3.0000e+00   1.9655e-03             NA
3.1198e+01   3.0000e+00   1.9655e-03             NA
3.1365e+01   3.0000e+00   1.9655e-03             NA
3.1671e+01   4.0000e+00   2.5835e-03             NA
3.1754e+01   4.0000e+00   2.5835e-03             NA
3.2195e+01   4.0000e+00   2.5830e-03             NA
3.2377e+01   4.0000e+00   2.5830e-03             NA
3.2600e+01   4.0000e+00   2.5830e-03             NA
3.2873e+01   4.0000e+00   2.5835e-03             NA
3.3059e+01   4.0000e+00   2.5835e-03             NA
3.3231e+01   4.0000e+00   2.5830e-03             NA
3.3403e+01   4.0000e+00   2.5830e-03             NA
3.3440e+01   4.0000e+00   2.5835e-03             NA
3.3888e+01   4.0000e+00   2.5835e-03             NA
3.4102e+01   4.0000e+00   2.5835e-03             NA
3.4268e+01   4.0000e+00   2.5835e-03             NA
3.4446e+01   4.0000e+00   2.5835e-03             NA
3.4700e+01   4.0000e+00   2.5835e-03             NA
3.4958e+01   4.0000e+00   2.5835e-03             NA
3.5131e+01   4.0000e+00   2.5835e-03             NA
3.5224e+01   4.0000e+00   2.5835e-03             NA
3.5444e+01   4.0000e+00   2.5835e-03             NA
3.5702e+01   4.0000e+00   2.5835e-03             NA
3.5752e+01   4.0000e+00   2.5840e-03             NA
3.6136e+01   4.0000e+00   2.5840e-03             NA
3.6317e+01   4.0000e+00   2.5840e-03             NA
3.6523e+01   4.0000e+00   2.5835e-03             NA
3.6584e+01   4.0000e+00   2.5840e-03             NA
3.6999e+01   4.0000e+00   2.5840e-03             NA
3.7194e+01   4.0000e+00   2.5840e-03             NA
3.7230e+01   4.0000e+00   2.5840e-03             NA
3.7587e+01   4.0000e+00   2.5840e-03             NA
3.8079e+01   4.0000e+00   2.5840e-03             NA
3.8322e+01   4.0000e+00   2.5840e-03             NA
3.8503e+01   4.0000e+00   2.5840e-03             NA
3.8565e+01   4.0000e+00   2.5840e-03             NA
3.9047e+01   4.0000e+00   2.5840e-03             NA
3.9218e+01   4.0000e+00   2.5840e-03             NA
3.9401e+01   4.0000e+00   2.5840e-03             NA
3.9662e+01   4.0000e+00   2.5840e-03             NA
3.9929e+01   4.0000e+00   2.5840e-03             NA
4.0132e+01   4.0000e+00   2.5845e-03             NA
4.0224e+01   4.0000e+00   2.5845e-03             NA
4.0461e+01   4.0000e+00   2.5840e-03             NA
4.0697e+01   4.0000e+00   2.5845e-03             NA
4.0960e+01   4.0000e+00   2.5845e-03             NA
4.1172e+01   4.0000e+00   2.5845e-03             NA
4.1399e+01   3.0000e+00   1.9660e-03             NA
4.1639e+01   3.0000e+00   1.9660e-03             NA
4.1912e+01   3.0000e+00   1.9660e-03             NA
4.2167e+01   3.0000e+00   1.9660e-03             NA
4.2341e+01   3.0000e+00   1.9660e-03             NA
4.2510e+01   3.0000e+00   1.9660e-03             NA
4.2772e+01   3.0000e+00   1.9660e-03             NA
4.3038e+01   3.0000e+00   1.9660e-03             NA
4.3123e+01   3.0000e+00   1.9660e-03             NA
4.3227e+01   3.0000e+00   1.9660e-03             NA
4.3532e+01   3.0000e+00   1.9660e-03             NA
4.3784e+01   3.0000e+00   1.9660e-03             NA
4.4065e+01   3.0000e+00   1.9660e-03             NA
4.4238e+01   3.0000e+00   1.9660e-03             NA
4.4409e+01   3.0000e+00   1.9660e-03             NA
4.4596e+01   3.0000e+00   1.9660e-03             NA
4.4874e+01   3.0000e+00   1.9660e-03             NA
4.5133e+01   3.0000e+00   1.9660e-03             NA
4.5222e+01   3.0000e+00   1.9660e-03             NA
4.5461e+01   3.0000e+00   1.9660e-03             NA
4.5689e+01   3.0000e+00   1.9660e-03             NA
4.6052e+01   3.0000e+00   1.9660e-03             NA
4.6282e+01   3.0000e+00   1.9660e-03             NA
4.6322e+01   3.0000e+00   1.9660e-03             NA
4.6729e+01   3.0000e+00   1.9660e-03             NA
4.7122e+01   3.0000e+00   1.9660e-03             NA
4.7291e+01   3.0000e+00   1.9660e-03             NA
4.7459e+01   3.0000e+00   1.9660e-03             NA
4.7524e+01   3.0000e+00   1.9660e-03             NA
4.7974e+01   3.0000e+00   1.9660e-03             NA
4.8201e+01   3.0000e+00   1.9660e-03             NA
4.8374e+01   3.0000e+00   1.9660e-03             NA
4.8553e+01   3.0000e+00   1.9660e-03             NA
4.8801e+01   3.0000e+00   1.9665e-03             NA
4.9075e+01   3.0000e+00   1.9660e-03             NA
4.9274e+01   3.0000e+00   1.9660e-03             NA
4.9437e+01   3.0000e+00   1.9665e-03             NA
4.9638e+01   3.0000e+00   1.9660e-03             NA
4.9977e+01   2.0000e+00   1.3250e-03             NA
5.0207e+01   2.0000e+00   1.3250e-03             NA
5.0243e+01   2.0000e+00   1.3250e-03             NA
5.0547e+01   2.0000e+00   1.3250e-03             NA
5.0814e+01   2.0000e+00   1.3250e-03             NA
5.1125e+01   2.0000e+00   1.3250e-03             NA
5.1370e+01   2.0000e+00   1.3250e-03             NA
5.1541e+01   2.0000e+00   1.3250e-03             NA
5.1758e+01   2.0000e+00   1.3250e-03             NA
5.2027e+01   2.0000e+00   1.3250e-03             NA
5.2247e+01   2.0000e+00   1.3250e-03             NA
5.2423e+01   2.0000e+00   1.3245e-03             NA
5.2593e+01   2.0000e+00   1.3250e-03             NA
5.2853e+01   2.0000e+00   1.3250e-03             NA
5.3149e+01   2.0000e+00   1.3250e-03             NA
5.3378e+01   2.0000e+00   1.3250e-03             NA
5.3589e+01   2.0000e+00   1.3250e-03             NA
5.3821e+01   2.0000e+00   1.3250e-03             NA
5.4099e+01   2.0000e+00   1.3250e-03             NA
5.4166e+01   2.0000e+00   1.3250e-03             NA
5.4549e+01   2.0000e+00   1.3250e-03             NA
5.4623e+01   2.0000e+00   1.3250e-03             NA
5.5047e+01   2.0000e+00   1.3250e-03             NA
5.5128e+01   2.0000e+00   1.3250e-03             NA
5.5425e+01   2.0000e+00   1.3250e-03             NA
5.5610e+01   2.0000e+00   1.3250e-03             NA
5.5857e+01   2.0000e+00   1.3250e-03             NA
5.6127e+01   2.0000e+00   1.3250e-03             NA
5.6325e+01   2.0000e+00   1.3250e-03             NA
5.6521e+01   2.0000e+00   1.3250e-03             NA
5.6753e+01   2.0000e+00   1.3250e-03             NA
5.6829e+01   2.0000e+00   1.3250e-03             NA
5.7243e+01   2.0000e+00   1.3255e-03             NA
5.7426e+01   2.0000e+00   1.3250e-03             NA
5.7608e+01   2.0000e+00   1.3250e-03             NA
5.7838e+01   2.0000e+00   1.3250e-03             NA
5.8088e+01   2.0000e+00   1.3250e-03             NA
5.8283e+01   2.0000e+00   1.3250e-03             NA
5.8322e+01   2.0000e+00   1.3250e-03             NA
5.8638e+01   2.0000e+00   1.3250e-03             NA
5.8964e+01   9.9900e-01   6.6700e-04             NA
5.9228e+01   9.9900e-01   6.6700e-04             NA
5.9415e+01   9.9900e-01   6.6700e-04             NA
5.9589e+01   9.9900e-01   6.6700e-04             NA
5.9813e+01   9.9900e-01   6.6700e-04             NA
6.0080e+01   9.9900e-01   6.6700e-04             NA
6.0146e+01   9.9900e-01   6.6700e-04             NA
6.0470e+01   9.9900e-01   6.6700e-04             NA
6.0663e+01   9.9900e-01   6.6700e-04             NA
6.0907e+01   9.9900e-01   6.6700e-04             NA
6.1164e+01   9.9900e-01   6.6700e-04             NA
6.1372e+01   9.9900e-01   6.6700e-04             NA
6.1564e+01   9.9900e-01   6.6700e-04             NA
6.1771e+01   9.9900e-01   6.6700e-04             NA
6.2046e+01   9.9900e-01   6.6700e-04             NA
6.2306e+01   9.9900e-01   6.6700e-04             NA
6.2342e+01   9.9900e-01   6.6700e-04             NA
6.2650e+01   9.9900e-01   6.6700e-04             NA
6.2886e+01   1.0000e+00   6.6700e-04             NA
6.3200e+01   9.9900e-01   6.6700e-04             NA
6.3433e+01   9.9900e-01   6.6700e-04             NA
6.3617e+01   9.9900e-01   6.6700e-04             NA
6.3837e+01   9.9900e-01   6.6700e-04             NA
6.3926e+01   9.9900e-01   6.6700e-04             NA
6.4329e+01   9.9900e-01   6.6700e-04             NA
6.4503e+01   9.9900e-01   6.6700e-04             NA
6.4683e+01   9.9900e-01   6.6700e-04             NA
6.4910e+01   9.9900e-01   6.6700e-04             NA
6.5197e+01   9.9900e-01   6.6700e-04             NA
6.5409e+01   9.9900e-01   6.6700e-04             NA
6.5590e+01   9.9900e-01   6.6700e-04             NA
6.5778e+01   9.9900e-01   6.6700e-04             NA
6.6059e+01   9.9900e-01   6.6700e-04             NA
6.6128e+01   9.9900e-01   6.6700e-04             NA
6.6491e+01   9.9900e-01   6.6700e-04             NA
6.6666e+01   1.0000e+00   6.6700e-04             NA
6.6899e+01   9.9900e-01   6.6700e-04             NA
6.7205e+01   9.9900e-01   6.6700e-04             NA
6.7422e+01   9.9900e-01   6.6700e-04             NA
6.7648e+01   9.9900e-01   6.6650e-04             NA
6.7937e+01   9.9900e-01   6.6700e-04             NA
6.8311e+01   9.9900e-01   6.6700e-04             NA
6.8573e+01   9.9900e-01   6.6650e-04             NA
6.8830e+01   9.9900e-01   6.6700e-04             NA
6.9130e+01   9.9900e-01   6.6700e-04             NA
6.9408e+01   1.0000e+00   6.6700e-04             NA
6.9660e+01   1.0000e+00   6.6650e-04             NA
6.9723e+01   1.0000e+00   6.6700e-04             NA
7.0230e+01   9.9900e-01   6.6700e-04             NA

