1.3342e-01   9.9900e-01   6.4050e-04             NA
3.3987e-01   9.9900e-01   6.4050e-04             NA
4.8956e-01   9.9900e-01   6.4050e-04             NA
6.4646e-01   9.9900e-01   6.4050e-04             NA
8.0580e-01   9.9900e-01   6.4050e-04             NA
9.6230e-01   9.9900e-01   6.4050e-04             NA
1.1239e+00   9.9900e-01   6.4050e-04             NA
1.2977e+00   9.9900e-01   6.4050e-04             NA
1.5855e+00   9.9900e-01   6.4000e-04             NA
1.6226e+00   9.9900e-01   6.4050e-04             NA
1.7798e+00   9.9900e-01   6.4000e-04             NA
2.0785e+00   9.9900e-01   6.4000e-04             NA
2.1135e+00   9.9900e-01   6.4000e-04             NA
2.4491e+00   9.9900e-01   6.4000e-04             NA
2.6063e+00   9.9900e-01   6.4000e-04             NA
2.6371e+00   9.9900e-01   6.4000e-04             NA
2.9286e+00   9.9900e-01   6.4000e-04             NA
3.0923e+00   9.9900e-01   6.3950e-04             NA
3.1304e+00   9.9900e-01   6.3950e-04             NA
3.4231e+00   9.9900e-01   6.3950e-04             NA
3.5852e+00   9.9900e-01   6.3950e-04             NA
3.6145e+00   9.9900e-01   6.3950e-04             NA
3.9117e+00   9.9900e-01   6.3950e-04             NA
4.0708e+00   9.9900e-01   6.3950e-04             NA
4.1121e+00   9.9900e-01   6.3950e-04             NA
4.4067e+00   9.9900e-01   6.3900e-04             NA
4.4462e+00   9.9900e-01   6.3900e-04             NA
4.7445e+00   1.0000e+00   6.3900e-04             NA
4.8088e+00   9.9900e-01   6.3900e-04             NA
5.0736e+00   9.9900e-01   6.3900e-04             NA
5.1113e+00   9.9900e-01   6.3900e-04             NA
5.3875e+00   9.9900e-01   6.3900e-04             NA
5.5646e+00   9.9900e-01   6.3900e-04             NA
5.7347e+00   9.9900e-01   6.3900e-04             NA
5.9092e+00   9.9900e-01   6.3900e-04             NA
6.0756e+00   9.9900e-01   6.3900e-04             NA
6.1111e+00   1.0000e+00   6.3900e-04             NA
6.3839e+00   9.9900e-01   6.3900e-04             NA
6.5704e+00   9.9900e-01   6.3900e-04             NA
6.7391e+00   9.9900e-01   6.3900e-04             NA
6.9027e+00   9.9900e-01   6.3900e-04             NA
7.0731e+00   9.9900e-01   6.3900e-04             NA
7.1104e+00   9.9900e-01   6.3850e-04             NA
7.3990e+00   9.9900e-01   6.3850e-04             NA
7.5575e+00   9.9900e-01   6.3900e-04             NA
7.7287e+00   9.9900e-01   6.3850e-04             NA
7.9026e+00   9.9900e-01   6.3900e-04             NA
8.0764e+00   9.9900e-01   6.3850e-04             NA
8.1161e+00   9.9900e-01   6.3900e-04             NA
8.3998e+00   9.9900e-01   6.3900e-04             NA
8.5685e+00   9.9900e-01   6.3850e-04             NA
8.7385e+00   1.0000e+00   6.3850e-04             NA
8.8107e+00   9.9900e-01   6.3850e-04             NA
9.0675e+00   1.0000e+00   6.3850e-04             NA
9.1108e+00   1.0000e+00   6.3850e-04             NA
9.4403e+00   1.0000e+00   6.3850e-04             NA
9.6145e+00   9.9900e-01   6.3850e-04             NA
9.7892e+00   9.9900e-01   6.3850e-04             NA
9.9591e+00   9.9900e-01   6.3850e-04             NA
1.0122e+01   1.0000e+00   6.3850e-04             NA
1.0209e+01   9.9900e-01   6.3850e-04             NA
1.0309e+01   9.9900e-01   6.3850e-04             NA
1.0592e+01   9.9900e-01   6.3850e-04             NA
1.0759e+01   9.9900e-01   6.3850e-04             NA
1.0930e+01   1.0000e+00   6.3850e-04             NA
1.1116e+01   9.9900e-01   6.3850e-04             NA
1.1300e+01   9.9900e-01   6.3850e-04             NA
1.1472e+01   9.9900e-01   6.3850e-04             NA
1.1639e+01   9.9900e-01   6.3850e-04             NA
1.1709e+01   9.9900e-01   6.3850e-04             NA
1.1954e+01   9.9900e-01   6.3850e-04             NA
1.2128e+01   9.9900e-01   6.3850e-04             NA
1.2210e+01   9.9900e-01   6.3800e-04             NA
1.2435e+01   1.0000e+00   6.3850e-04             NA
1.2632e+01   9.9900e-01   6.3800e-04             NA
1.2806e+01   9.9900e-01   6.3800e-04             NA
1.2981e+01   9.9900e-01   6.3800e-04             NA
1.3156e+01   9.9900e-01   6.3800e-04             NA
1.3333e+01   9.9900e-01   6.3800e-04             NA
1.3510e+01   1.0000e+00   6.3800e-04             NA
1.3549e+01   9.9900e-01   6.3800e-04             NA
1.3844e+01   9.9900e-01   6.3800e-04             NA
1.4020e+01   9.9900e-01   6.3800e-04             NA
1.4110e+01   9.9900e-01   6.3800e-04             NA
1.4326e+01   9.9900e-01   6.3800e-04             NA
1.4498e+01   9.9900e-01   6.3800e-04             NA
1.4670e+01   9.9900e-01   6.3800e-04             NA
1.4830e+01   9.9900e-01   6.3800e-04             NA
1.4992e+01   9.9900e-01   6.3800e-04             NA
1.5157e+01   9.9900e-01   6.3800e-04             NA
1.5209e+01   9.9900e-01   6.3800e-04             NA
1.5347e+01   9.9900e-01   6.3800e-04             NA
1.5650e+01   9.9900e-01   6.3800e-04             NA
1.5825e+01   9.9900e-01   6.3800e-04             NA
1.5998e+01   9.9900e-01   6.3800e-04             NA
1.6177e+01   9.9900e-01   6.3800e-04             NA
1.6211e+01   9.9900e-01   6.3800e-04             NA
1.6524e+01   9.9900e-01   6.3800e-04             NA
1.6705e+01   9.9900e-01   6.3800e-04             NA
1.6871e+01   9.9900e-01   6.3750e-04             NA
1.7042e+01   9.9900e-01   6.3750e-04             NA
1.7214e+01   9.9900e-01   6.3800e-04             NA
1.7395e+01   9.9900e-01   6.3800e-04             NA
1.7574e+01   9.9900e-01   6.3750e-04             NA
1.7747e+01   9.9900e-01   6.3750e-04             NA
1.7809e+01   9.9900e-01   6.3750e-04             NA
1.8066e+01   9.9900e-01   6.3750e-04             NA
1.8110e+01   9.9900e-01   6.3750e-04             NA
1.8280e+01   9.9900e-01   6.3800e-04             NA
1.8569e+01   9.9900e-01   6.3750e-04             NA
1.8740e+01   9.9900e-01   6.3750e-04             NA
1.8920e+01   9.9900e-01   6.3750e-04             NA
1.9011e+01   9.9900e-01   6.3750e-04             NA
1.9245e+01   9.9900e-01   6.3750e-04             NA
1.9416e+01   9.9900e-01   6.3750e-04             NA
1.9581e+01   9.9900e-01   6.3750e-04             NA
1.9748e+01   9.9900e-01   6.3750e-04             NA
1.9915e+01   1.0000e+00   6.3750e-04             NA
2.0009e+01   9.9900e-01   6.3750e-04             NA
2.0111e+01   9.9900e-01   6.3750e-04             NA
2.0272e+01   1.0000e+00   6.3750e-04             NA
2.0557e+01   9.9900e-01   6.3750e-04             NA
2.0722e+01   9.9900e-01   6.3750e-04             NA
2.0909e+01   9.9900e-01   6.3750e-04             NA
2.1071e+01   9.9900e-01   6.3750e-04             NA
2.1242e+01   9.9900e-01   6.3750e-04             NA
2.1412e+01   9.9900e-01   6.3750e-04             NA
2.1586e+01   9.9900e-01   6.3750e-04             NA
2.1747e+01   9.9900e-01   6.3750e-04             NA
2.1917e+01   9.9900e-01   6.3750e-04             NA
2.2082e+01   9.9900e-01   6.3750e-04             NA
2.2248e+01   9.9900e-01   6.3750e-04             NA
2.2419e+01   9.9900e-01   6.3750e-04             NA
2.2510e+01   1.0000e+00   6.3750e-04             NA
2.2720e+01   9.9900e-01   6.3750e-04             NA
2.2890e+01   9.9900e-01   6.3750e-04             NA
2.3050e+01   1.0000e+00   6.3750e-04             NA
2.3226e+01   9.9900e-01   6.3750e-04             NA
2.3420e+01   9.9900e-01   6.3750e-04             NA
2.3510e+01   9.9900e-01   6.3750e-04             NA
2.3751e+01   9.9900e-01   6.3750e-04             NA
2.3924e+01   9.9900e-01   6.3750e-04             NA
2.4097e+01   9.9900e-01   6.3750e-04             NA
2.4256e+01   9.9900e-01   6.3750e-04             NA
2.4433e+01   9.9900e-01   6.3750e-04             NA
2.4600e+01   9.9900e-01   6.3750e-04             NA
2.4766e+01   9.9900e-01   6.3750e-04             NA
2.4932e+01   9.9900e-01   6.3750e-04             NA
2.5097e+01   9.9900e-01   6.3750e-04             NA
2.5130e+01   9.9900e-01   6.3750e-04             NA
2.5427e+01   9.9900e-01   6.3750e-04             NA
2.5589e+01   9.9900e-01   6.3750e-04             NA
2.5757e+01   9.9900e-01   6.3750e-04             NA
2.5927e+01   9.9900e-01   6.3750e-04             NA
2.6092e+01   9.9900e-01   6.3750e-04             NA
2.6261e+01   9.9900e-01   6.3750e-04             NA
2.6438e+01   9.9900e-01   6.3750e-04             NA
2.6612e+01   9.9900e-01   6.3750e-04             NA
2.6786e+01   9.9900e-01   6.3750e-04             NA
2.6963e+01   9.9900e-01   6.3750e-04             NA
2.7132e+01   1.0000e+00   6.3750e-04             NA
2.7312e+01   9.9900e-01   6.3750e-04             NA
2.7484e+01   1.0000e+00   6.3750e-04             NA
2.7657e+01   1.0000e+00   6.3750e-04             NA
2.7823e+01   9.9900e-01   6.3750e-04             NA
2.7987e+01   9.9900e-01   6.3750e-04             NA
2.8179e+01   1.0000e+00   6.3750e-04             NA
2.8384e+01   9.9900e-01   6.3750e-04             NA
2.8568e+01   1.0000e+00   6.3750e-04             NA
2.8748e+01   9.9900e-01   6.3750e-04             NA
2.8930e+01   9.9900e-01   6.3700e-04             NA
2.9715e+01   9.9900e-01   6.3700e-04             NA
2.9882e+01   9.9900e-01   6.3700e-04             NA
3.0051e+01   9.9900e-01   6.3650e-04             NA
3.0109e+01   9.9900e-01   6.3650e-04             NA
3.0368e+01   9.9900e-01   6.3700e-04             NA
3.0532e+01   9.9900e-01   6.3700e-04             NA
3.0706e+01   9.9900e-01   6.3700e-04             NA
3.0872e+01   9.9900e-01   6.3650e-04             NA
3.0916e+01   9.9900e-01   6.3700e-04             NA
3.1210e+01   9.9900e-01   6.3650e-04             NA
3.1381e+01   9.9900e-01   6.3700e-04             NA
3.1554e+01   9.9900e-01   6.3650e-04             NA
3.1728e+01   1.0000e+00   6.3650e-04             NA
3.1810e+01   9.9900e-01   6.3650e-04             NA
3.2047e+01   1.0000e+00   6.3650e-04             NA
3.2232e+01   9.9900e-01   6.3650e-04             NA
3.2418e+01   9.9900e-01   6.3650e-04             NA
3.2583e+01   9.9900e-01   6.3650e-04             NA
3.2762e+01   9.9900e-01   6.3650e-04             NA
3.2931e+01   9.9900e-01   6.3650e-04             NA
3.3098e+01   9.9900e-01   6.3650e-04             NA
3.3270e+01   1.0000e+00   6.3650e-04             NA
3.3443e+01   9.9900e-01   6.3650e-04             NA
3.3617e+01   9.9900e-01   6.3650e-04             NA
3.3782e+01   9.9900e-01   6.3650e-04             NA
3.3954e+01   9.9900e-01   6.3650e-04             NA
3.4135e+01   9.9900e-01   6.3650e-04             NA
3.4306e+01   9.9900e-01   6.3650e-04             NA
3.4468e+01   9.9900e-01   6.3600e-04             NA
3.4642e+01   9.9900e-01   6.3600e-04             NA
3.4845e+01   9.9900e-01   6.3600e-04             NA
3.5011e+01   9.9900e-01   6.3600e-04             NA
3.5046e+01   9.9900e-01   6.3600e-04             NA
3.5373e+01   9.9900e-01   6.3600e-04             NA
3.5545e+01   1.0000e+00   6.3600e-04             NA
3.5609e+01   9.9900e-01   6.3600e-04             NA
3.5735e+01   9.9900e-01   6.3600e-04             NA
3.6041e+01   9.9900e-01   6.3600e-04             NA
3.6236e+01   9.9900e-01   6.3600e-04             NA
3.6424e+01   9.9900e-01   6.3600e-04             NA
3.6598e+01   9.9900e-01   6.3600e-04             NA
3.6769e+01   9.9900e-01   6.3600e-04             NA
3.6992e+01   2.0000e+00   1.2645e-03             NA
3.7032e+01   2.0000e+00   1.2640e-03             NA
3.7326e+01   2.0000e+00   1.2640e-03             NA
3.7495e+01   2.0000e+00   1.2640e-03             NA
3.7671e+01   2.0000e+00   1.2640e-03             NA
3.7836e+01   2.0000e+00   1.2640e-03             NA
3.7998e+01   2.0000e+00   1.2640e-03             NA
3.8192e+01   2.0000e+00   1.2640e-03             NA
3.8389e+01   2.0000e+00   1.2640e-03             NA
3.8566e+01   2.0000e+00   1.2640e-03             NA
3.8732e+01   2.0000e+00   1.2635e-03             NA
3.8900e+01   2.0000e+00   1.2640e-03             NA
3.9079e+01   2.0000e+00   1.2635e-03             NA
3.9259e+01   2.0000e+00   1.2635e-03             NA
3.9422e+01   2.0000e+00   1.2640e-03             NA
3.9584e+01   2.0000e+00   1.2635e-03             NA
3.9752e+01   2.0000e+00   1.2635e-03             NA
3.9916e+01   2.0000e+00   1.2635e-03             NA
4.0085e+01   2.0000e+00   1.2630e-03             NA
4.0132e+01   2.0000e+00   1.2630e-03             NA
4.0462e+01   2.0000e+00   1.2635e-03             NA
4.0635e+01   2.0000e+00   1.2635e-03             NA
4.0800e+01   2.0000e+00   1.2635e-03             NA
4.0975e+01   2.0000e+00   1.2635e-03             NA
4.1145e+01   2.0000e+00   1.2630e-03             NA
4.1331e+01   2.0000e+00   1.2630e-03             NA
4.1508e+01   2.0000e+00   1.2635e-03             NA
4.1702e+01   2.0000e+00   1.2635e-03             NA
4.1885e+01   2.0000e+00   1.2630e-03             NA
4.2065e+01   2.0000e+00   1.2630e-03             NA
4.2234e+01   2.0000e+00   1.2630e-03             NA
4.2402e+01   2.0000e+00   1.2630e-03             NA
4.2574e+01   2.0010e+00   1.2630e-03             NA
4.2751e+01   2.0000e+00   1.2630e-03             NA
4.2925e+01   2.0000e+00   1.2630e-03             NA
4.3093e+01   2.0000e+00   1.2630e-03             NA
4.3258e+01   2.0000e+00   1.2630e-03             NA
4.3423e+01   2.0000e+00   1.2630e-03             NA
4.3581e+01   2.0000e+00   1.2630e-03             NA
4.3757e+01   2.0000e+00   1.2630e-03             NA
4.3929e+01   2.0000e+00   1.2630e-03             NA
4.4095e+01   2.0000e+00   1.2630e-03             NA
4.4264e+01   2.0000e+00   1.2625e-03             NA
4.4443e+01   2.0000e+00   1.2630e-03             NA
4.4613e+01   2.0000e+00   1.2625e-03             NA
4.4786e+01   2.0000e+00   1.2625e-03             NA
4.4956e+01   2.0000e+00   1.2625e-03             NA
4.5008e+01   2.0000e+00   1.2625e-03             NA
4.5144e+01   2.0000e+00   1.2625e-03             NA
4.5441e+01   2.0010e+00   1.2625e-03             NA
4.5618e+01   2.0000e+00   1.2625e-03             NA
4.5801e+01   2.0000e+00   1.2625e-03             NA
4.5985e+01   2.0000e+00   1.2620e-03             NA
4.6168e+01   2.0000e+00   1.2625e-03             NA
4.6342e+01   2.0000e+00   1.2625e-03             NA
4.6515e+01   2.0000e+00   1.2620e-03             NA
4.6691e+01   2.0000e+00   1.2620e-03             NA
4.6864e+01   2.0000e+00   1.2620e-03             NA
4.6910e+01   2.0000e+00   1.2620e-03             NA
4.7213e+01   2.0000e+00   1.2620e-03             NA
4.7383e+01   2.0000e+00   1.2620e-03             NA
4.7561e+01   2.0000e+00   1.2620e-03             NA
4.7726e+01   2.0000e+00   1.2620e-03             NA
4.7892e+01   2.0000e+00   1.2620e-03             NA
4.8066e+01   2.0000e+00   1.2620e-03             NA
4.8244e+01   2.0000e+00   1.2620e-03             NA
4.8420e+01   2.0000e+00   1.2620e-03             NA
4.8510e+01   2.0000e+00   1.2620e-03             NA
4.8738e+01   2.0000e+00   1.2620e-03             NA
4.8909e+01   2.0000e+00   1.2620e-03             NA
4.9078e+01   2.0000e+00   1.2620e-03             NA
4.9272e+01   2.0000e+00   1.2620e-03             NA
4.9455e+01   2.0000e+00   1.2620e-03             NA
4.9627e+01   2.0000e+00   1.2620e-03             NA
4.9807e+01   2.0000e+00   1.2620e-03             NA
4.9981e+01   2.0000e+00   1.2620e-03             NA
5.0019e+01   2.0000e+00   1.2620e-03             NA
5.0187e+01   2.0000e+00   1.2620e-03             NA
5.0475e+01   2.0000e+00   1.2620e-03             NA
5.0635e+01   2.0000e+00   1.2615e-03             NA
5.0709e+01   2.0000e+00   1.2620e-03             NA
5.0950e+01   2.0000e+00   1.2620e-03             NA
5.1130e+01   2.0000e+00   1.2615e-03             NA
5.1291e+01   2.0000e+00   1.2615e-03             NA
5.1473e+01   2.0000e+00   1.2620e-03             NA
5.1634e+01   2.0000e+00   1.2615e-03             NA
5.1813e+01   2.0000e+00   1.2615e-03             NA
5.1993e+01   2.0000e+00   1.2615e-03             NA
5.2179e+01   2.0000e+00   1.2615e-03             NA
5.2351e+01   2.0000e+00   1.2615e-03             NA
5.2515e+01   2.0000e+00   1.2610e-03             NA
5.2693e+01   2.0000e+00   1.2610e-03             NA
5.2865e+01   2.0000e+00   1.2610e-03             NA
5.3028e+01   2.0000e+00   1.2605e-03             NA
5.3206e+01   2.0000e+00   1.2610e-03             NA
5.3376e+01   2.0000e+00   1.2605e-03             NA
5.3544e+01   2.0000e+00   1.2605e-03             NA
5.3715e+01   2.0000e+00   1.2605e-03             NA
5.3882e+01   2.0000e+00   1.2605e-03             NA
5.4051e+01   2.0000e+00   1.2610e-03             NA
5.4226e+01   2.0000e+00   1.2610e-03             NA
5.4391e+01   2.0000e+00   1.2605e-03             NA
5.4556e+01   2.0000e+00   1.2605e-03             NA
5.4721e+01   2.0000e+00   1.2605e-03             NA
5.4887e+01   2.0000e+00   1.2605e-03             NA
5.5057e+01   2.0000e+00   1.2605e-03             NA
5.5225e+01   2.0000e+00   1.2605e-03             NA
5.5387e+01   2.0000e+00   1.2605e-03             NA
5.5553e+01   2.0000e+00   1.2605e-03             NA
5.5721e+01   2.0000e+00   1.2605e-03             NA
5.5876e+01   2.0000e+00   1.2605e-03             NA
5.6039e+01   2.0000e+00   1.2605e-03             NA
5.6219e+01   2.0000e+00   1.2605e-03             NA
5.6381e+01   2.0000e+00   1.2605e-03             NA
5.6411e+01   2.0000e+00   1.2605e-03             NA
5.6705e+01   2.0000e+00   1.2605e-03             NA
5.6869e+01   2.0000e+00   1.2605e-03             NA
5.7045e+01   2.0000e+00   1.2605e-03             NA
5.7242e+01   2.0000e+00   1.2605e-03             NA
5.7413e+01   2.0000e+00   1.2605e-03             NA
5.7586e+01   2.0000e+00   1.2605e-03             NA
5.7753e+01   2.0000e+00   1.2600e-03             NA
5.7945e+01   2.0000e+00   1.2605e-03             NA
5.8128e+01   2.0000e+00   1.2605e-03             NA
5.8294e+01   2.0000e+00   1.2605e-03             NA
5.8461e+01   2.0000e+00   1.2605e-03             NA
5.8672e+01   3.0000e+00   1.8715e-03             NA
5.8844e+01   3.0000e+00   1.8700e-03             NA
5.9017e+01   3.0000e+00   1.8695e-03             NA
5.9202e+01   3.0000e+00   1.8690e-03             NA
5.9243e+01   3.0000e+00   1.8685e-03             NA
5.9538e+01   3.0000e+00   1.8675e-03             NA
5.9710e+01   3.0000e+00   1.8665e-03             NA
5.9880e+01   3.0000e+00   1.8665e-03             NA
6.0052e+01   3.0000e+00   1.8665e-03             NA
6.0110e+01   3.0000e+00   1.8660e-03             NA
6.0362e+01   3.0000e+00   1.8650e-03             NA
6.0531e+01   3.0000e+00   1.8650e-03             NA
6.0695e+01   3.0000e+00   1.8640e-03             NA
6.0864e+01   3.0000e+00   1.8635e-03             NA
6.1036e+01   3.0000e+00   1.8630e-03             NA
6.1112e+01   3.0000e+00   1.8630e-03             NA
6.1370e+01   3.0000e+00   1.8630e-03             NA
6.1542e+01   3.0000e+00   1.8620e-03             NA
6.1713e+01   3.0000e+00   1.8620e-03             NA
6.1878e+01   3.0000e+00   1.8620e-03             NA
6.2050e+01   3.0000e+00   1.8620e-03             NA
6.2220e+01   3.0000e+00   1.8620e-03             NA
6.2393e+01   3.0000e+00   1.8620e-03             NA
6.2556e+01   3.0000e+00   1.8620e-03             NA
6.2725e+01   3.0000e+00   1.8615e-03             NA
6.2904e+01   3.0000e+00   1.8605e-03             NA
6.3088e+01   3.0000e+00   1.8605e-03             NA
6.3268e+01   3.0000e+00   1.8600e-03             NA
6.3439e+01   3.0000e+00   1.8595e-03             NA
6.3624e+01   3.0000e+00   1.8595e-03             NA
6.3791e+01   3.0010e+00   1.8595e-03             NA
6.3988e+01   3.0000e+00   1.8585e-03             NA
6.4175e+01   3.0000e+00   1.8585e-03             NA
6.4340e+01   3.0000e+00   1.8575e-03             NA
6.4511e+01   3.0000e+00   1.8575e-03             NA
6.4679e+01   3.0000e+00   1.8570e-03             NA
6.4852e+01   3.0000e+00   1.8570e-03             NA
6.5020e+01   3.0000e+00   1.8565e-03             NA
6.5197e+01   3.0000e+00   1.8565e-03             NA
6.5366e+01   3.0000e+00   1.8560e-03             NA
6.5546e+01   3.0000e+00   1.8560e-03             NA
6.5610e+01   3.0000e+00   1.8560e-03             NA
6.5887e+01   3.0000e+00   1.8555e-03             NA
6.6065e+01   3.0000e+00   1.8545e-03             NA
6.6113e+01   3.0010e+00   1.8545e-03             NA
6.6399e+01   3.0000e+00   1.8530e-03             NA
6.6444e+01   3.0000e+00   1.8525e-03             NA
6.6729e+01   3.0000e+00   1.8515e-03             NA
6.6898e+01   3.0000e+00   1.8515e-03             NA
6.6937e+01   3.0000e+00   1.8510e-03             NA
6.7221e+01   3.0000e+00   1.8495e-03             NA
6.7399e+01   3.0000e+00   1.8490e-03             NA
6.7574e+01   3.0000e+00   1.8480e-03             NA
6.7750e+01   3.0000e+00   1.8470e-03             NA
6.7930e+01   3.0000e+00   1.8460e-03             NA
6.8097e+01   3.0000e+00   1.8450e-03             NA
6.8264e+01   3.0000e+00   1.8460e-03             NA
6.8439e+01   3.0000e+00   1.8465e-03             NA
6.8620e+01   3.0000e+00   1.8440e-03             NA
6.8784e+01   3.0000e+00   1.8445e-03             NA
6.8948e+01   3.0000e+00   1.8440e-03             NA
6.9125e+01   3.0000e+00   1.8430e-03             NA
6.9292e+01   3.0000e+00   1.8425e-03             NA
6.9460e+01   3.0000e+00   1.8415e-03             NA
6.9647e+01   3.0000e+00   1.8415e-03             NA
6.9813e+01   3.0000e+00   1.8415e-03             NA
6.9997e+01   3.0000e+00   1.8415e-03             NA
7.0173e+01   3.0000e+00   1.8410e-03             NA
7.0217e+01   3.0000e+00   1.8410e-03             NA
7.0529e+01   3.0000e+00   1.8415e-03             NA
7.0610e+01   3.0000e+00   1.8410e-03             NA
7.0870e+01   3.0000e+00   1.8410e-03             NA
7.1042e+01   3.0000e+00   1.8410e-03             NA
7.1221e+01   3.0000e+00   1.8405e-03             NA
7.1409e+01   3.0000e+00   1.8405e-03             NA
7.1577e+01   3.0000e+00   1.8400e-03             NA
7.1619e+01   3.0000e+00   1.8405e-03             NA
7.1911e+01   3.0000e+00   1.8400e-03             NA
7.2081e+01   3.0000e+00   1.8395e-03             NA
7.2267e+01   3.0000e+00   1.8395e-03             NA
7.2434e+01   3.0000e+00   1.8395e-03             NA
7.2600e+01   3.0000e+00   1.8395e-03             NA
7.2780e+01   3.0000e+00   1.8390e-03             NA
7.2811e+01   3.0000e+00   1.8385e-03             NA
7.3094e+01   3.0000e+00   1.8385e-03             NA
7.3292e+01   3.0000e+00   1.8380e-03             NA
7.3328e+01   3.0000e+00   1.8385e-03             NA
7.3630e+01   3.0000e+00   1.8385e-03             NA
7.3709e+01   3.0000e+00   1.8380e-03             NA
7.3929e+01   3.0000e+00   1.8380e-03             NA
7.4098e+01   3.0000e+00   1.8380e-03             NA
7.4264e+01   3.0000e+00   1.8375e-03             NA
7.4439e+01   3.0000e+00   1.8380e-03             NA
7.4607e+01   3.0000e+00   1.8380e-03             NA
7.4771e+01   3.0000e+00   1.8380e-03             NA
7.4958e+01   3.0000e+00   1.8375e-03             NA
7.5127e+01   3.0000e+00   1.8380e-03             NA
7.5315e+01   3.0000e+00   1.8380e-03             NA
7.5482e+01   3.0000e+00   1.8380e-03             NA
7.5645e+01   3.0000e+00   1.8375e-03             NA
7.5814e+01   3.0000e+00   1.8380e-03             NA
7.5990e+01   3.0000e+00   1.8380e-03             NA
7.6157e+01   3.0000e+00   1.8375e-03             NA
7.6335e+01   3.0000e+00   1.8380e-03             NA
7.6515e+01   3.0000e+00   1.8380e-03             NA
7.6673e+01   3.0000e+00   1.8380e-03             NA
7.6843e+01   3.0000e+00   1.8375e-03             NA
7.7031e+01   3.0010e+00   1.8380e-03             NA
7.7220e+01   3.0000e+00   1.8370e-03             NA
7.7394e+01   3.0010e+00   1.8365e-03             NA
7.7566e+01   3.0000e+00   1.8375e-03             NA
7.7734e+01   3.0000e+00   1.8375e-03             NA
7.7927e+01   3.0000e+00   1.8370e-03             NA
7.8096e+01   3.0000e+00   1.8380e-03             NA
7.8278e+01   3.0000e+00   1.8380e-03             NA
7.8442e+01   3.0000e+00   1.8365e-03             NA
7.8613e+01   3.0000e+00   1.8365e-03             NA
7.8786e+01   3.0000e+00   1.8355e-03             NA
7.8954e+01   3.0000e+00   1.8350e-03             NA
7.9137e+01   3.0000e+00   1.8360e-03             NA
7.9305e+01   3.0000e+00   1.8355e-03             NA
7.9475e+01   3.0000e+00   1.8355e-03             NA
7.9517e+01   3.0000e+00   1.8360e-03             NA
7.9818e+01   3.0000e+00   1.8360e-03             NA
7.9989e+01   3.0000e+00   1.8360e-03             NA
8.0170e+01   3.0000e+00   1.8350e-03             NA
8.0214e+01   3.0000e+00   1.8355e-03             NA
8.0505e+01   3.0000e+00   1.8355e-03             NA
8.0680e+01   3.0000e+00   1.8350e-03             NA
8.0734e+01   3.0000e+00   1.8350e-03             NA
8.1119e+01   3.0000e+00   1.8355e-03             NA
8.1331e+01   3.0000e+00   1.8350e-03             NA
8.1499e+01   3.0000e+00   1.8350e-03             NA
8.1671e+01   3.0000e+00   1.8350e-03             NA
8.1841e+01   3.0000e+00   1.8350e-03             NA
8.1909e+01   3.0000e+00   1.8345e-03             NA
8.2157e+01   3.0000e+00   1.8350e-03             NA
8.2334e+01   3.0000e+00   1.8340e-03             NA
8.2511e+01   3.0000e+00   1.8335e-03             NA
8.2681e+01   3.0000e+00   1.8335e-03             NA
8.2846e+01   3.0000e+00   1.8340e-03             NA
8.3014e+01   3.0000e+00   1.8335e-03             NA
8.3181e+01   3.0000e+00   1.8335e-03             NA
8.3351e+01   3.0000e+00   1.8335e-03             NA
8.3513e+01   3.0000e+00   1.8340e-03             NA
8.3682e+01   3.0000e+00   1.8335e-03             NA
8.3849e+01   3.0000e+00   1.8330e-03             NA
8.4015e+01   3.0000e+00   1.8330e-03             NA
8.4183e+01   3.0000e+00   1.8330e-03             NA
8.4349e+01   3.0000e+00   1.8335e-03             NA
8.4522e+01   3.0000e+00   1.8335e-03             NA
8.4698e+01   3.0000e+00   1.8325e-03             NA
8.4879e+01   3.0000e+00   1.8330e-03             NA
8.5051e+01   3.0000e+00   1.8325e-03             NA
8.5235e+01   3.0000e+00   1.8315e-03             NA
8.5425e+01   3.0010e+00   1.8315e-03             NA
8.5609e+01   3.0000e+00   1.8315e-03             NA
8.5794e+01   3.0000e+00   1.8310e-03             NA
8.5980e+01   3.0000e+00   1.8315e-03             NA
8.6156e+01   3.0000e+00   1.8305e-03             NA
8.6339e+01   3.0000e+00   1.8305e-03             NA
8.6525e+01   3.0000e+00   1.8305e-03             NA
8.6709e+01   3.0000e+00   1.8310e-03             NA
8.6884e+01   3.0000e+00   1.8310e-03             NA
8.7059e+01   3.0000e+00   1.8310e-03             NA
8.7246e+01   3.0000e+00   1.8305e-03             NA
8.7418e+01   3.0000e+00   1.8315e-03             NA
8.7591e+01   3.0000e+00   1.8305e-03             NA
8.7760e+01   3.0010e+00   1.8305e-03             NA
8.7939e+01   3.0000e+00   1.8315e-03             NA
8.8116e+01   3.0000e+00   1.8315e-03             NA
8.8306e+01   3.0000e+00   1.8315e-03             NA
8.8482e+01   3.0000e+00   1.8310e-03             NA
8.8663e+01   3.0000e+00   1.8300e-03             NA
8.8851e+01   3.0010e+00   1.8300e-03             NA
8.9028e+01   3.0000e+00   1.8300e-03             NA
8.9202e+01   3.0000e+00   1.8300e-03             NA
8.9368e+01   3.0000e+00   1.8300e-03             NA
8.9539e+01   3.0000e+00   1.8300e-03             NA
8.9707e+01   3.0000e+00   1.8295e-03             NA
8.9875e+01   3.0000e+00   1.8295e-03             NA
9.0039e+01   3.0000e+00   1.8290e-03             NA
9.0109e+01   3.0000e+00   1.8295e-03             NA
9.0407e+01   3.0000e+00   1.8300e-03             NA
9.0577e+01   3.0000e+00   1.8300e-03             NA
9.0758e+01   3.0000e+00   1.8305e-03             NA
9.0942e+01   3.0000e+00   1.8300e-03             NA
9.1126e+01   3.0000e+00   1.8300e-03             NA
9.1301e+01   3.0000e+00   1.8305e-03             NA
9.1482e+01   3.0000e+00   1.8300e-03             NA
9.1659e+01   3.0000e+00   1.8305e-03             NA
9.1848e+01   3.0000e+00   1.8300e-03             NA
9.1910e+01   3.0000e+00   1.8300e-03             NA
9.2206e+01   3.0000e+00   1.8295e-03             NA
9.2386e+01   3.0000e+00   1.8295e-03             NA
9.2419e+01   3.0000e+00   1.8300e-03             NA
9.2737e+01   3.0000e+00   1.8295e-03             NA
9.2915e+01   3.0010e+00   1.8295e-03             NA
9.3009e+01   3.0000e+00   1.8295e-03             NA
9.3412e+01   3.0000e+00   1.8295e-03             NA
9.3580e+01   3.0000e+00   1.8300e-03             NA
9.3744e+01   3.0000e+00   1.8300e-03             NA
9.3924e+01   3.0000e+00   1.8310e-03             NA
9.4043e+01   3.0000e+00   1.8300e-03             NA
9.4387e+01   3.0000e+00   1.8310e-03             NA
9.4576e+01   3.0000e+00   1.8310e-03             NA
9.4748e+01   3.0000e+00   1.8305e-03             NA
9.4919e+01   3.0000e+00   1.8310e-03             NA
9.5093e+01   3.0000e+00   1.8315e-03             NA
9.5273e+01   3.0000e+00   1.8315e-03             NA
9.5449e+01   3.0000e+00   1.8310e-03             NA
9.5624e+01   3.0000e+00   1.8315e-03             NA
9.5806e+01   3.0000e+00   1.8310e-03             NA
9.5989e+01   3.0010e+00   1.8310e-03             NA
9.6184e+01   3.0000e+00   1.8310e-03             NA
9.6365e+01   3.0010e+00   1.8310e-03             NA
9.6536e+01   3.0000e+00   1.8305e-03             NA
9.6704e+01   3.0000e+00   1.8310e-03             NA
9.6885e+01   3.0000e+00   1.8310e-03             NA
9.7047e+01   3.0000e+00   1.8310e-03             NA
9.7242e+01   3.0000e+00   1.8315e-03             NA
9.7459e+01   3.0000e+00   1.8310e-03             NA
9.7647e+01   3.0000e+00   1.8310e-03             NA
9.7827e+01   3.0000e+00   1.8310e-03             NA
9.8001e+01   3.0000e+00   1.8315e-03             NA
9.8194e+01   3.0000e+00   1.8315e-03             NA
9.8371e+01   3.0000e+00   1.8300e-03             NA
9.8549e+01   3.0000e+00   1.8305e-03             NA
9.8738e+01   3.0010e+00   1.8305e-03             NA
9.8920e+01   3.0000e+00   1.8300e-03             NA
9.9103e+01   3.0000e+00   1.8300e-03             NA
9.9287e+01   3.0000e+00   1.8300e-03             NA
9.9466e+01   3.0000e+00   1.8300e-03             NA
9.9677e+01   3.0000e+00   1.8300e-03             NA
9.9862e+01   3.0010e+00   1.8300e-03             NA
1.0005e+02   3.0000e+00   1.8300e-03             NA
1.0011e+02   3.0000e+00   1.8300e-03             NA
1.0025e+02   3.0000e+00   1.8300e-03             NA
1.0056e+02   3.0000e+00   1.8300e-03             NA
1.0073e+02   3.0000e+00   1.8295e-03             NA
1.0081e+02   3.0000e+00   1.8300e-03             NA
1.0105e+02   3.0000e+00   1.8300e-03             NA
1.0122e+02   3.0000e+00   1.8300e-03             NA
1.0139e+02   3.0000e+00   1.8300e-03             NA
1.0156e+02   3.0000e+00   1.8300e-03             NA
1.0172e+02   3.0000e+00   1.8300e-03             NA
1.0190e+02   3.0000e+00   1.8300e-03             NA
1.0207e+02   3.0000e+00   1.8300e-03             NA
1.0224e+02   3.0000e+00   1.8300e-03             NA
1.0241e+02   3.0000e+00   1.8295e-03             NA
1.0259e+02   3.0000e+00   1.8300e-03             NA
1.0276e+02   3.0000e+00   1.8295e-03             NA
1.0293e+02   3.0000e+00   1.8305e-03             NA
1.0315e+02   3.0000e+00   1.8295e-03             NA
1.0335e+02   3.0000e+00   1.8300e-03             NA
1.0352e+02   3.0000e+00   1.8300e-03             NA
1.0375e+02   4.0000e+00   2.4115e-03             NA
1.0381e+02   4.0000e+00   2.4150e-03             NA
1.0406e+02   4.0000e+00   2.4160e-03             NA
1.0423e+02   4.0000e+00   2.4150e-03             NA
1.0441e+02   4.0000e+00   2.4145e-03             NA
1.0459e+02   4.0000e+00   2.4145e-03             NA
1.0475e+02   4.0000e+00   2.4140e-03             NA
1.0491e+02   4.0000e+00   2.4140e-03             NA
1.0508e+02   4.0000e+00   2.4140e-03             NA
1.0524e+02   4.0000e+00   2.4130e-03             NA
1.0542e+02   4.0000e+00   2.4130e-03             NA
1.0558e+02   4.0000e+00   2.4130e-03             NA
1.0575e+02   4.0000e+00   2.4135e-03             NA
1.0592e+02   4.0000e+00   2.4135e-03             NA
1.0609e+02   4.0000e+00   2.4135e-03             NA
1.0612e+02   4.0000e+00   2.4135e-03             NA
1.0641e+02   4.0000e+00   2.4135e-03             NA
1.0658e+02   4.0000e+00   2.4140e-03             NA
1.0675e+02   4.0000e+00   2.4140e-03             NA
1.0692e+02   4.0000e+00   2.4135e-03             NA
1.0710e+02   4.0000e+00   2.4130e-03             NA
1.0727e+02   4.0000e+00   2.4130e-03             NA
1.0745e+02   4.0000e+00   2.4140e-03             NA
1.0763e+02   4.0000e+00   2.4140e-03             NA
1.0780e+02   4.0000e+00   2.4125e-03             NA
1.0796e+02   4.0000e+00   2.4120e-03             NA
1.0814e+02   4.0000e+00   2.4120e-03             NA
1.0831e+02   4.0000e+00   2.4115e-03             NA
1.0847e+02   4.0000e+00   2.4110e-03             NA
1.0865e+02   4.0000e+00   2.4115e-03             NA
1.0881e+02   4.0000e+00   2.4105e-03             NA
1.0901e+02   4.0000e+00   2.4100e-03             NA
1.0917e+02   4.0000e+00   2.4090e-03             NA
1.0921e+02   4.0000e+00   2.4095e-03             NA
1.0951e+02   4.0000e+00   2.4090e-03             NA
1.0968e+02   4.0000e+00   2.4090e-03             NA
1.0986e+02   4.0000e+00   2.4090e-03             NA
1.0991e+02   4.0000e+00   2.4085e-03             NA
1.1019e+02   4.0000e+00   2.4070e-03             NA
1.1038e+02   4.0000e+00   2.4075e-03             NA
1.1055e+02   4.0000e+00   2.4065e-03             NA
1.1073e+02   4.0000e+00   2.4065e-03             NA
1.1090e+02   4.0000e+00   2.4045e-03             NA
1.1108e+02   4.0000e+00   2.4045e-03             NA
1.1128e+02   4.0000e+00   2.4035e-03             NA
1.1145e+02   4.0000e+00   2.4025e-03             NA
1.1163e+02   4.0000e+00   2.4045e-03             NA
1.1181e+02   4.0000e+00   2.4040e-03             NA
1.1198e+02   4.0000e+00   2.4010e-03             NA
1.1216e+02   4.0000e+00   2.3965e-03             NA
1.1234e+02   4.0000e+00   2.3910e-03             NA
1.1250e+02   4.0000e+00   2.3770e-03             NA
1.1254e+02   4.0000e+00   2.3675e-03             NA
1.1282e+02   4.0000e+00   2.2790e-03             NA
1.1291e+02   4.0000e+00   2.2640e-03             NA
1.1313e+02   4.0000e+00   2.2825e-03             NA
1.1330e+02   4.0000e+00   2.2390e-03             NA
1.1347e+02   4.0000e+00   2.2575e-03             NA
1.1365e+02   4.0000e+00   2.2560e-03             NA
1.1381e+02   4.0000e+00   2.2630e-03             NA
1.1391e+02   4.0000e+00   2.2520e-03             NA
1.1412e+02   4.0000e+00   2.2635e-03             NA
1.1429e+02   4.0000e+00   2.2510e-03             NA
1.1445e+02   4.0000e+00   2.2485e-03             NA
1.1462e+02   4.0000e+00   2.2510e-03             NA
1.1479e+02   4.0000e+00   2.2400e-03             NA
1.1497e+02   4.0000e+00   2.2580e-03             NA
1.1515e+02   4.0000e+00   2.3315e-03             NA
1.1536e+02   4.0000e+00   2.3290e-03             NA
1.1554e+02   4.0000e+00   2.3285e-03             NA
1.1572e+02   4.0000e+00   2.3270e-03             NA
1.1591e+02   4.0000e+00   2.3255e-03             NA
1.1607e+02   4.0000e+00   2.3225e-03             NA
1.1612e+02   4.0000e+00   2.3200e-03             NA
1.1640e+02   4.0000e+00   2.3130e-03             NA
1.1656e+02   4.0000e+00   2.3085e-03             NA
1.1673e+02   4.0000e+00   2.3000e-03             NA
1.1691e+02   4.0000e+00   2.2930e-03             NA
1.1708e+02   4.0000e+00   2.2955e-03             NA
1.1725e+02   4.0000e+00   2.2860e-03             NA
1.1742e+02   4.0000e+00   2.2700e-03             NA
1.1760e+02   4.0000e+00   2.2880e-03             NA
1.1776e+02   4.0000e+00   2.3195e-03             NA
1.1781e+02   4.0000e+00   2.3195e-03             NA
1.1812e+02   3.0000e+00   1.7560e-03             NA
1.1829e+02   3.0000e+00   1.7560e-03             NA
1.1845e+02   3.0000e+00   1.7570e-03             NA
1.1863e+02   3.0000e+00   1.7570e-03             NA
1.1882e+02   3.0000e+00   1.7585e-03             NA
1.1898e+02   3.0000e+00   1.7585e-03             NA
1.1916e+02   3.0010e+00   1.7575e-03             NA
1.1934e+02   3.0000e+00   1.7565e-03             NA
1.1951e+02   3.0000e+00   1.7580e-03             NA
1.1969e+02   3.0000e+00   1.7570e-03             NA
1.1974e+02   3.0000e+00   1.7560e-03             NA
1.2001e+02   3.0000e+00   1.7570e-03             NA
1.2011e+02   3.0000e+00   1.7575e-03             NA
1.2032e+02   3.0000e+00   1.7565e-03             NA
1.2049e+02   3.0000e+00   1.7560e-03             NA
1.2068e+02   3.0000e+00   1.7560e-03             NA
1.2084e+02   3.0000e+00   1.7560e-03             NA
1.2101e+02   3.0000e+00   1.7560e-03             NA
1.2119e+02   3.0000e+00   1.7565e-03             NA
1.2136e+02   3.0000e+00   1.7560e-03             NA
1.2141e+02   3.0000e+00   1.7565e-03             NA
1.2168e+02   3.0000e+00   1.7555e-03             NA
1.2186e+02   3.0000e+00   1.7550e-03             NA
1.2202e+02   3.0000e+00   1.7555e-03             NA
1.2219e+02   3.0000e+00   1.7560e-03             NA
1.2237e+02   3.0000e+00   1.7560e-03             NA
1.2254e+02   3.0000e+00   1.7560e-03             NA
1.2273e+02   3.0000e+00   1.7560e-03             NA
1.2291e+02   3.0000e+00   1.7555e-03             NA
1.2308e+02   3.0000e+00   1.7560e-03             NA
1.2325e+02   3.0000e+00   1.7560e-03             NA
1.2343e+02   3.0000e+00   1.7565e-03             NA
1.2361e+02   3.0000e+00   1.7555e-03             NA
1.2378e+02   3.0000e+00   1.7550e-03             NA
1.2397e+02   3.0000e+00   1.7550e-03             NA
1.2413e+02   3.0000e+00   1.7560e-03             NA
1.2430e+02   3.0000e+00   1.7565e-03             NA
1.2446e+02   3.0000e+00   1.7565e-03             NA
1.2463e+02   3.0000e+00   1.7565e-03             NA
1.2480e+02   3.0000e+00   1.7560e-03             NA
1.2483e+02   3.0000e+00   1.7555e-03             NA
1.2512e+02   3.0000e+00   1.7550e-03             NA
1.2529e+02   3.0000e+00   1.7540e-03             NA
1.2547e+02   3.0000e+00   1.7550e-03             NA
1.2565e+02   3.0000e+00   1.7540e-03             NA
1.2584e+02   3.0000e+00   1.7540e-03             NA
1.2602e+02   3.0000e+00   1.7540e-03             NA
1.2621e+02   3.0000e+00   1.7545e-03             NA
1.2640e+02   3.0000e+00   1.7530e-03             NA
1.2657e+02   3.0000e+00   1.7535e-03             NA
1.2674e+02   3.0000e+00   1.7535e-03             NA
1.2690e+02   3.0000e+00   1.7535e-03             NA
1.2706e+02   3.0000e+00   1.7540e-03             NA
1.2724e+02   3.0000e+00   1.7540e-03             NA
1.2741e+02   3.0000e+00   1.7540e-03             NA
1.2759e+02   3.0000e+00   1.7530e-03             NA
1.2776e+02   3.0000e+00   1.7525e-03             NA
1.2793e+02   3.0000e+00   1.7530e-03             NA
1.2810e+02   3.0000e+00   1.7540e-03             NA
1.2830e+02   3.0000e+00   1.7530e-03             NA
1.2848e+02   3.0000e+00   1.7540e-03             NA
1.2866e+02   3.0000e+00   1.7515e-03             NA
1.2884e+02   3.0000e+00   1.7435e-03             NA
1.2901e+02   3.0000e+00   1.7440e-03             NA
1.2921e+02   3.0000e+00   1.7440e-03             NA
1.2938e+02   3.0000e+00   1.7440e-03             NA
1.2955e+02   3.0000e+00   1.7440e-03             NA
1.2972e+02   3.0000e+00   1.7435e-03             NA
1.2990e+02   3.0000e+00   1.7430e-03             NA
1.3007e+02   3.0000e+00   1.7440e-03             NA
1.3025e+02   3.0000e+00   1.7440e-03             NA
1.3031e+02   3.0000e+00   1.7440e-03             NA
1.3056e+02   3.0000e+00   1.7430e-03             NA
1.3073e+02   3.0000e+00   1.7440e-03             NA
1.3090e+02   3.0000e+00   1.7440e-03             NA
1.3107e+02   3.0000e+00   1.7435e-03             NA
1.3124e+02   3.0000e+00   1.7445e-03             NA
1.3142e+02   3.0000e+00   1.7445e-03             NA
1.3159e+02   3.0000e+00   1.7445e-03             NA
1.3175e+02   3.0000e+00   1.7445e-03             NA
1.3193e+02   3.0000e+00   1.7445e-03             NA
1.3209e+02   3.0010e+00   1.7440e-03             NA
1.3227e+02   3.0000e+00   1.7445e-03             NA
1.3243e+02   3.0000e+00   1.7440e-03             NA
1.3260e+02   3.0000e+00   1.7440e-03             NA
1.3278e+02   3.0000e+00   1.7440e-03             NA
1.3295e+02   3.0000e+00   1.7445e-03             NA
1.3319e+02   2.0000e+00   1.1715e-03             NA
1.3337e+02   2.0000e+00   1.1715e-03             NA
1.3354e+02   2.0000e+00   1.1715e-03             NA
1.3372e+02   2.0000e+00   1.1710e-03             NA
1.3390e+02   2.0000e+00   1.1710e-03             NA
1.3406e+02   2.0000e+00   1.1710e-03             NA
1.3423e+02   2.0000e+00   1.1715e-03             NA
1.3440e+02   2.0000e+00   1.1715e-03             NA
1.3456e+02   2.0000e+00   1.1710e-03             NA
1.3473e+02   2.0000e+00   1.1710e-03             NA
1.3490e+02   2.0000e+00   1.1715e-03             NA
1.3506e+02   2.0000e+00   1.1715e-03             NA
1.3524e+02   2.0000e+00   1.1710e-03             NA
1.3541e+02   2.0000e+00   1.1710e-03             NA
1.3558e+02   2.0000e+00   1.1710e-03             NA
1.3574e+02   2.0000e+00   1.1710e-03             NA
1.3591e+02   2.0000e+00   1.1710e-03             NA
1.3608e+02   2.0010e+00   1.1705e-03             NA
1.3626e+02   2.0000e+00   1.1710e-03             NA
1.3643e+02   2.0000e+00   1.1715e-03             NA
1.3661e+02   2.0000e+00   1.1710e-03             NA
1.3678e+02   2.0000e+00   1.1715e-03             NA
1.3695e+02   2.0000e+00   1.1710e-03             NA
1.3713e+02   2.0000e+00   1.1710e-03             NA
1.3730e+02   2.0000e+00   1.1710e-03             NA
1.3746e+02   2.0000e+00   1.1710e-03             NA
1.3763e+02   2.0000e+00   1.1710e-03             NA
1.3780e+02   2.0000e+00   1.1710e-03             NA
1.3796e+02   2.0000e+00   1.1710e-03             NA
1.3814e+02   2.0000e+00   1.1710e-03             NA
1.3831e+02   2.0000e+00   1.1710e-03             NA
1.3852e+02   9.9900e-01   5.8850e-04             NA
1.3869e+02   9.9900e-01   5.8850e-04             NA
1.3886e+02   9.9900e-01   5.8850e-04             NA
1.3902e+02   9.9900e-01   5.8850e-04             NA
1.3920e+02   9.9900e-01   5.8850e-04             NA
1.3939e+02   1.0000e+00   5.8850e-04             NA
1.3956e+02   9.9900e-01   5.8850e-04             NA
1.3973e+02   1.0000e+00   5.8850e-04             NA
1.3990e+02   9.9900e-01   5.8850e-04             NA
1.4007e+02   9.9900e-01   5.8850e-04             NA
1.4011e+02   9.9900e-01   5.8850e-04             NA
1.4039e+02   9.9900e-01   5.8850e-04             NA
1.4055e+02   9.9900e-01   5.8850e-04             NA
1.4070e+02   9.9900e-01   5.8850e-04             NA
1.4088e+02   9.9900e-01   5.8850e-04             NA
1.4104e+02   9.9900e-01   5.8850e-04             NA
1.4120e+02   9.9900e-01   5.8850e-04             NA
1.4137e+02   9.9900e-01   5.8850e-04             NA
1.4153e+02   1.0000e+00   5.8850e-04             NA
1.4169e+02   9.9900e-01   5.8850e-04             NA
1.4187e+02   9.9900e-01   5.8850e-04             NA
1.4203e+02   9.9900e-01   5.8850e-04             NA
1.4219e+02   9.9900e-01   5.8850e-04             NA
1.4235e+02   9.9900e-01   5.8850e-04             NA
1.4251e+02   9.9900e-01   5.8850e-04             NA
1.4267e+02   1.0000e+00   5.8850e-04             NA
1.4284e+02   9.9900e-01   5.8850e-04             NA
1.4301e+02   9.9900e-01   5.8850e-04             NA
1.4317e+02   9.9900e-01   5.8850e-04             NA
1.4334e+02   9.9900e-01   5.8850e-04             NA
1.4351e+02   9.9900e-01   5.8850e-04             NA
1.4367e+02   9.9900e-01   5.8850e-04             NA
1.4384e+02   9.9900e-01   5.8850e-04             NA
1.4400e+02   9.9900e-01   5.8850e-04             NA
1.4418e+02   9.9900e-01   5.8850e-04             NA
1.4433e+02   9.9900e-01   5.8850e-04             NA
1.4450e+02   9.9900e-01   5.8850e-04             NA
1.4466e+02   1.0000e+00   5.8850e-04             NA
1.4484e+02   9.9900e-01   5.8850e-04             NA
1.4500e+02   9.9900e-01   5.8850e-04             NA
1.4518e+02   9.9900e-01   5.8850e-04             NA
1.4536e+02   9.9900e-01   5.8850e-04             NA
1.4554e+02   9.9900e-01   5.8850e-04             NA
1.4571e+02   9.9900e-01   5.8850e-04             NA
1.4588e+02   9.9900e-01   5.8850e-04             NA
1.4604e+02   9.9900e-01   5.8850e-04             NA
1.4620e+02   9.9900e-01   5.8850e-04             NA
1.4636e+02   9.9900e-01   5.8850e-04             NA
1.4652e+02   9.9900e-01   5.8850e-04             NA
1.4668e+02   9.9900e-01   5.8850e-04             NA
1.4684e+02   9.9900e-01   5.8850e-04             NA
1.4701e+02   9.9900e-01   5.8850e-04             NA
1.4718e+02   9.9900e-01   5.8850e-04             NA
1.4733e+02   9.9900e-01   5.8850e-04             NA
1.4751e+02   9.9900e-01   5.8850e-04             NA
1.4767e+02   1.0000e+00   5.8850e-04             NA
1.4784e+02   9.9900e-01   5.8850e-04             NA
1.4800e+02   9.9900e-01   5.8850e-04             NA
1.4817e+02   9.9900e-01   5.8850e-04             NA
1.4833e+02   9.9900e-01   5.8850e-04             NA
1.4850e+02   1.0000e+00   5.8850e-04             NA
1.4866e+02   1.0000e+00   5.8850e-04             NA
1.4881e+02   9.9900e-01   5.8850e-04             NA
1.4898e+02   9.9900e-01   5.8850e-04             NA
1.4915e+02   9.9900e-01   5.8800e-04             NA
1.4934e+02   9.9900e-01   5.8850e-04             NA
1.4953e+02   9.9900e-01   5.8800e-04             NA
1.4970e+02   1.0000e+00   5.8850e-04             NA
1.4987e+02   1.0000e+00   5.8850e-04             NA
1.5003e+02   9.9900e-01   5.8850e-04             NA
1.5011e+02   9.9900e-01   5.8850e-04             NA
1.5035e+02   9.9900e-01   5.8850e-04             NA
1.5051e+02   1.0000e+00   5.8800e-04             NA
1.5068e+02   9.9900e-01   5.8850e-04             NA
1.5086e+02   9.9900e-01   5.8850e-04             NA
1.5102e+02   9.9900e-01   5.8850e-04             NA
1.5121e+02   9.9900e-01   5.8850e-04             NA
1.5138e+02   9.9900e-01   5.8800e-04             NA
1.5159e+02   9.9900e-01   5.8850e-04             NA
1.5182e+02   9.9900e-01   5.8800e-04             NA
1.5202e+02   9.9900e-01   5.8800e-04             NA
1.5224e+02   9.9900e-01   5.8850e-04             NA
1.5245e+02   9.9900e-01   5.8800e-04             NA
1.5266e+02   1.0000e+00   5.8850e-04             NA
1.5286e+02   9.9900e-01   5.8800e-04             NA
1.5306e+02   9.9900e-01   5.8800e-04             NA
1.5327e+02   9.9900e-01   5.8800e-04             NA
1.5348e+02   9.9900e-01   5.8800e-04             NA
1.5366e+02   9.9900e-01   5.8800e-04             NA
1.5384e+02   9.9900e-01   5.8800e-04             NA
1.5391e+02   9.9900e-01   5.8800e-04             NA
1.5401e+02   9.9900e-01   5.8800e-04             NA
1.5434e+02   9.9900e-01   5.8750e-04             NA
1.5453e+02   9.9900e-01   5.8700e-04             NA
1.5470e+02   9.9900e-01   5.8700e-04             NA
1.5486e+02   9.9900e-01   5.8700e-04             NA
1.5503e+02   9.9900e-01   5.8700e-04             NA
1.5520e+02   1.0000e+00   5.8700e-04             NA
1.5537e+02   9.9900e-01   5.8650e-04             NA
1.5555e+02   9.9900e-01   5.8650e-04             NA
1.5573e+02   9.9900e-01   5.8650e-04             NA
1.5590e+02   1.0000e+00   5.8650e-04             NA
1.5608e+02   9.9900e-01   5.8650e-04             NA
1.5628e+02   9.9900e-01   5.8650e-04             NA
1.5647e+02   9.9900e-01   5.8650e-04             NA
1.5668e+02   1.0000e+00   5.8650e-04             NA
1.5686e+02   1.0000e+00   5.8650e-04             NA
1.5702e+02   9.9900e-01   5.8650e-04             NA
1.5727e+02   1.0000e+00   5.8650e-04             NA
1.5745e+02   9.9900e-01   5.8650e-04             NA
1.5763e+02   1.0000e+00   5.8650e-04             NA
1.5781e+02   9.9900e-01   5.8650e-04             NA
1.5799e+02   9.9900e-01   5.8650e-04             NA
1.5818e+02   9.9900e-01   5.8650e-04             NA
1.5837e+02   9.9900e-01   5.8650e-04             NA
1.5853e+02   9.9900e-01   5.8650e-04             NA
1.5871e+02   9.9900e-01   5.8650e-04             NA
1.5888e+02   9.9900e-01   5.8650e-04             NA
1.5905e+02   9.9900e-01   5.8650e-04             NA
1.5923e+02   9.9900e-01   5.8650e-04             NA
1.5941e+02   9.9900e-01   5.8650e-04             NA
1.5957e+02   9.9900e-01   5.8650e-04             NA
1.5974e+02   1.0000e+00   5.8650e-04             NA
1.5992e+02   1.0000e+00   5.8650e-04             NA
1.6008e+02   9.9900e-01   5.8650e-04             NA
1.6025e+02   9.9900e-01   5.8650e-04             NA
1.6041e+02   9.9900e-01   5.8650e-04             NA
1.6059e+02   9.9900e-01   5.8650e-04             NA
1.6075e+02   9.9900e-01   5.8650e-04             NA
1.6092e+02   9.9900e-01   5.8650e-04             NA
1.6108e+02   9.9900e-01   5.8650e-04             NA
1.6128e+02   9.9900e-01   5.8650e-04             NA
1.6145e+02   9.9900e-01   5.8650e-04             NA
1.6161e+02   9.9900e-01   5.8650e-04             NA
1.6178e+02   9.9900e-01   5.8650e-04             NA
1.6194e+02   1.0000e+00   5.8650e-04             NA
1.6211e+02   9.9900e-01   5.8650e-04             NA
1.6228e+02   9.9900e-01   5.8650e-04             NA
1.6245e+02   9.9900e-01   5.8650e-04             NA
1.6262e+02   9.9900e-01   5.8650e-04             NA
1.6280e+02   9.9900e-01   5.8650e-04             NA
1.6297e+02   9.9900e-01   5.8650e-04             NA
1.6313e+02   9.9900e-01   5.8650e-04             NA
1.6330e+02   9.9900e-01   5.8650e-04             NA
1.6347e+02   1.0000e+00   5.8650e-04             NA
1.6365e+02   9.9900e-01   5.8650e-04             NA
1.6382e+02   9.9900e-01   5.8650e-04             NA
1.6399e+02   9.9900e-01   5.8650e-04             NA
1.6416e+02   9.9900e-01   5.8650e-04             NA
1.6433e+02   9.9900e-01   5.8650e-04             NA
1.6449e+02   9.9900e-01   5.8650e-04             NA
1.6466e+02   9.9900e-01   5.8650e-04             NA
1.6483e+02   9.9900e-01   5.8650e-04             NA
1.6500e+02   9.9900e-01   5.8650e-04             NA
1.6517e+02   9.9900e-01   5.8650e-04             NA
1.6534e+02   9.9900e-01   5.8650e-04             NA
1.6551e+02   9.9900e-01   5.8650e-04             NA
1.6567e+02   9.9900e-01   5.8650e-04             NA
1.6583e+02   1.0000e+00   5.8650e-04             NA
1.6600e+02   9.9900e-01   5.8650e-04             NA
1.6617e+02   9.9900e-01   5.8650e-04             NA
1.6634e+02   9.9900e-01   5.8650e-04             NA
1.6651e+02   9.9900e-01   5.8650e-04             NA
1.6668e+02   1.0000e+00   5.8650e-04             NA
1.6686e+02   1.0000e+00   5.8650e-04             NA
1.6703e+02   9.9900e-01   5.8650e-04             NA
1.6723e+02   9.9900e-01   5.8650e-04             NA
1.6740e+02   9.9900e-01   5.8650e-04             NA
1.6756e+02   1.0000e+00   5.8650e-04             NA
1.6774e+02   9.9900e-01   5.8650e-04             NA
1.6791e+02   9.9900e-01   5.8650e-04             NA
1.6809e+02   9.9900e-01   5.8650e-04             NA
1.6825e+02   9.9900e-01   5.8650e-04             NA
1.6842e+02   1.0000e+00   5.8650e-04             NA
1.6858e+02   9.9900e-01   5.8650e-04             NA
1.6875e+02   9.9900e-01   5.8650e-04             NA
1.6891e+02   9.9900e-01   5.8650e-04             NA
1.6908e+02   9.9900e-01   5.8650e-04             NA
1.6928e+02   1.0000e+00   5.8650e-04             NA
1.6946e+02   9.9900e-01   5.8650e-04             NA
1.6963e+02   9.9900e-01   5.8650e-04             NA
1.6980e+02   1.0000e+00   5.8650e-04             NA
1.6998e+02   9.9900e-01   5.8650e-04             NA
1.7014e+02   9.9900e-01   5.8650e-04             NA
1.7031e+02   9.9900e-01   5.8650e-04             NA
1.7048e+02   1.0000e+00   5.8650e-04             NA
1.7064e+02   9.9900e-01   5.8650e-04             NA
1.7081e+02   9.9900e-01   5.8650e-04             NA
1.7098e+02   1.0000e+00   5.8650e-04             NA
1.7115e+02   9.9900e-01   5.8650e-04             NA
1.7133e+02   1.0000e+00   5.8650e-04             NA
1.7150e+02   9.9900e-01   5.8650e-04             NA
1.7167e+02   1.0000e+00   5.8650e-04             NA
1.7185e+02   9.9900e-01   5.8650e-04             NA
1.7202e+02   9.9900e-01   5.8650e-04             NA
1.7219e+02   9.9900e-01   5.8650e-04             NA
1.7236e+02   9.9900e-01   5.8650e-04             NA
1.7251e+02   9.9900e-01   5.8650e-04             NA
1.7268e+02   9.9900e-01   5.8650e-04             NA
1.7285e+02   9.9900e-01   5.8650e-04             NA
1.7301e+02   9.9900e-01   5.8650e-04             NA
1.7319e+02   9.9900e-01   5.8650e-04             NA
1.7336e+02   9.9900e-01   5.8650e-04             NA
1.7353e+02   9.9900e-01   5.8650e-04             NA
1.7369e+02   9.9900e-01   5.8650e-04             NA
1.7386e+02   1.0000e+00   5.8650e-04             NA
1.7403e+02   9.9900e-01   5.8650e-04             NA
1.7421e+02   9.9900e-01   5.8650e-04             NA
1.7437e+02   1.0000e+00   5.8650e-04             NA
1.7455e+02   9.9900e-01   5.8650e-04             NA
1.7472e+02   9.9900e-01   5.8650e-04             NA
1.7489e+02   9.9900e-01   5.8650e-04             NA
1.7505e+02   9.9900e-01   5.8650e-04             NA
1.7523e+02   1.0000e+00   5.8650e-04             NA
1.7540e+02   9.9900e-01   5.8650e-04             NA
1.7556e+02   1.0000e+00   5.8650e-04             NA
1.7575e+02   9.9900e-01   5.8650e-04             NA
1.7592e+02   9.9900e-01   5.8650e-04             NA
1.7608e+02   9.9900e-01   5.8650e-04             NA
1.7627e+02   9.9900e-01   5.8650e-04             NA
1.7643e+02   9.9900e-01   5.8650e-04             NA
1.7661e+02   9.9900e-01   5.8650e-04             NA
1.7677e+02   1.0000e+00   5.8650e-04             NA
1.7696e+02   9.9900e-01   5.8650e-04             NA
1.7714e+02   9.9900e-01   5.8650e-04             NA
1.7733e+02   9.9900e-01   5.8650e-04             NA
1.7750e+02   9.9900e-01   5.8650e-04             NA
1.7767e+02   9.9900e-01   5.8650e-04             NA
1.7784e+02   9.9900e-01   5.8650e-04             NA
1.7801e+02   9.9900e-01   5.8650e-04             NA
1.7818e+02   9.9900e-01   5.8650e-04             NA
1.7821e+02   9.9900e-01   5.8650e-04             NA
1.7852e+02   9.9900e-01   5.8650e-04             NA
1.7868e+02   9.9900e-01   5.8650e-04             NA
1.7884e+02   9.9900e-01   5.8650e-04             NA
1.7901e+02   9.9900e-01   5.8650e-04             NA
1.7919e+02   9.9900e-01   5.8650e-04             NA
1.7939e+02   9.9900e-01   5.8650e-04             NA
1.7956e+02   9.9900e-01   5.8650e-04             NA
1.7972e+02   9.9900e-01   5.8650e-04             NA
1.7989e+02   1.0000e+00   5.8650e-04             NA
1.8005e+02   9.9900e-01   5.8650e-04             NA
1.8011e+02   1.0000e+00   5.8650e-04             NA
1.8039e+02   1.0000e+00   5.8650e-04             NA
1.8056e+02   9.9900e-01   5.8650e-04             NA
1.8073e+02   9.9900e-01   5.8650e-04             NA
1.8091e+02   9.9900e-01   5.8650e-04             NA
1.8107e+02   1.0000e+00   5.8650e-04             NA
1.8124e+02   9.9900e-01   5.8650e-04             NA
1.8131e+02   9.9900e-01   5.8650e-04             NA
1.8157e+02   9.9900e-01   5.8650e-04             NA
1.8175e+02   1.0000e+00   5.8650e-04             NA
1.8192e+02   9.9900e-01   5.8650e-04             NA
1.8217e+02   -1.0000e+00   -5.8600e-04             NA
1.8234e+02   -1.0000e+00   -5.8600e-04             NA
1.8251e+02   -1.0000e+00   -5.8600e-04             NA
1.8268e+02   -1.0000e+00   -5.8550e-04             NA
1.8287e+02   -1.0000e+00   -5.8600e-04             NA
1.8291e+02   -1.0000e+00   -5.8600e-04             NA
1.8323e+02   -1.0000e+00   -5.8600e-04             NA
1.8343e+02   -1.0000e+00   -5.8600e-04             NA
1.8359e+02   -1.0000e+00   -5.8600e-04             NA
1.8376e+02   -1.0000e+00   -5.8600e-04             NA
1.8393e+02   -1.0000e+00   -5.8600e-04             NA
1.8409e+02   -1.0000e+00   -5.8600e-04             NA
1.8426e+02   -1.0000e+00   -5.8600e-04             NA
1.8443e+02   -1.0000e+00   -5.8600e-04             NA
1.8460e+02   -1.0000e+00   -5.8600e-04             NA
1.8477e+02   -1.0000e+00   -5.8600e-04             NA
1.8482e+02   -1.0000e+00   -5.8600e-04             NA
1.8512e+02   -1.0000e+00   -5.8600e-04             NA
1.8530e+02   -1.0000e+00   -5.8600e-04             NA
1.8534e+02   -1.0000e+00   -5.8600e-04             NA
1.8564e+02   -1.0000e+00   -5.8600e-04             NA
1.8571e+02   -1.0000e+00   -5.8600e-04             NA
1.8595e+02   -1.0000e+00   -5.8600e-04             NA
1.8613e+02   -1.0000e+00   -5.8600e-04             NA
1.8629e+02   -1.0000e+00   -5.8600e-04             NA
1.8646e+02   -1.0000e+00   -5.8600e-04             NA
1.8662e+02   -1.0000e+00   -5.8600e-04             NA
1.8681e+02   -1.0000e+00   -5.8600e-04             NA
1.8698e+02   -1.0000e+00   -5.8600e-04             NA
1.8715e+02   -1.0000e+00   -5.8600e-04             NA
1.8732e+02   -1.0000e+00   -5.8600e-04             NA
1.8749e+02   -1.0000e+00   -5.8600e-04             NA
1.8766e+02   -1.0000e+00   -5.8600e-04             NA
1.8782e+02   -1.0000e+00   -5.8600e-04             NA
1.8800e+02   -1.0000e+00   -5.8600e-04             NA
1.8822e+02   -1.0000e+00   -5.8600e-04             NA
1.8839e+02   -1.0000e+00   -5.8600e-04             NA
1.8857e+02   -1.0000e+00   -5.8600e-04             NA
1.8874e+02   -1.0000e+00   -5.8600e-04             NA
1.8890e+02   -1.0000e+00   -5.8600e-04             NA
1.8907e+02   -1.0000e+00   -5.8600e-04             NA
1.8924e+02   -1.0000e+00   -5.8600e-04             NA
1.8941e+02   -1.0000e+00   -5.8600e-04             NA
1.8959e+02   -1.0000e+00   -5.8600e-04             NA
1.8976e+02   -1.0000e+00   -5.8600e-04             NA
1.8994e+02   -1.0000e+00   -5.8600e-04             NA
1.9010e+02   -1.0000e+00   -5.8600e-04             NA
1.9026e+02   -1.0000e+00   -5.8600e-04             NA
1.9047e+02   2.0000e+00   1.1680e-03             NA
1.9064e+02   2.0000e+00   1.1675e-03             NA
1.9081e+02   2.0000e+00   1.1675e-03             NA
1.9098e+02   2.0000e+00   1.1675e-03             NA
1.9115e+02   2.0000e+00   1.1675e-03             NA
1.9132e+02   2.0000e+00   1.1675e-03             NA
1.9149e+02   2.0000e+00   1.1675e-03             NA
1.9166e+02   2.0000e+00   1.1675e-03             NA
1.9183e+02   2.0000e+00   1.1675e-03             NA
1.9199e+02   2.0000e+00   1.1675e-03             NA
1.9216e+02   2.0000e+00   1.1675e-03             NA
1.9233e+02   2.0000e+00   1.1675e-03             NA
1.9241e+02   2.0000e+00   1.1675e-03             NA
1.9264e+02   2.0000e+00   1.1675e-03             NA
1.9280e+02   2.0000e+00   1.1675e-03             NA
1.9297e+02   2.0000e+00   1.1675e-03             NA
1.9315e+02   2.0000e+00   1.1675e-03             NA
1.9331e+02   2.0000e+00   1.1675e-03             NA
1.9348e+02   2.0000e+00   1.1675e-03             NA
1.9364e+02   2.0000e+00   1.1675e-03             NA
1.9380e+02   2.0000e+00   1.1675e-03             NA
1.9398e+02   2.0000e+00   1.1670e-03             NA
1.9416e+02   2.0000e+00   1.1675e-03             NA
1.9436e+02   2.0000e+00   1.1675e-03             NA
1.9453e+02   2.0000e+00   1.1675e-03             NA
1.9470e+02   2.0000e+00   1.1675e-03             NA
1.9488e+02   2.0000e+00   1.1670e-03             NA
1.9506e+02   2.0000e+00   1.1675e-03             NA
1.9523e+02   2.0000e+00   1.1675e-03             NA
1.9540e+02   2.0000e+00   1.1670e-03             NA
1.9558e+02   2.0000e+00   1.1670e-03             NA
1.9576e+02   2.0000e+00   1.1670e-03             NA
1.9592e+02   2.0000e+00   1.1665e-03             NA
1.9610e+02   2.0000e+00   1.1670e-03             NA
1.9631e+02   3.0000e+00   1.7365e-03             NA
1.9649e+02   3.0000e+00   1.7365e-03             NA
1.9666e+02   3.0000e+00   1.7370e-03             NA
1.9684e+02   3.0000e+00   1.7370e-03             NA
1.9702e+02   3.0000e+00   1.7360e-03             NA
1.9720e+02   3.0000e+00   1.7370e-03             NA
1.9738e+02   3.0000e+00   1.7370e-03             NA
1.9757e+02   3.0000e+00   1.7370e-03             NA
1.9774e+02   3.0000e+00   1.7370e-03             NA
1.9791e+02   3.0000e+00   1.7365e-03             NA
1.9809e+02   3.0000e+00   1.7365e-03             NA
1.9829e+02   3.0000e+00   1.7360e-03             NA
1.9848e+02   3.0010e+00   1.7360e-03             NA
1.9865e+02   3.0000e+00   1.7350e-03             NA
1.9883e+02   3.0000e+00   1.7360e-03             NA
1.9900e+02   3.0000e+00   1.7350e-03             NA
1.9918e+02   3.0000e+00   1.7350e-03             NA
1.9935e+02   3.0000e+00   1.7350e-03             NA
1.9953e+02   3.0000e+00   1.7350e-03             NA
1.9961e+02   3.0000e+00   1.7345e-03             NA
1.9984e+02   3.0000e+00   1.7345e-03             NA
2.0001e+02   3.0000e+00   1.7345e-03             NA
2.0011e+02   3.0010e+00   1.7340e-03             NA
2.0021e+02   3.0000e+00   1.7340e-03             NA
2.0048e+02   3.0000e+00   1.7340e-03             NA
2.0064e+02   3.0000e+00   1.7345e-03             NA
2.0081e+02   3.0000e+00   1.7335e-03             NA
2.0098e+02   3.0000e+00   1.7335e-03             NA
2.0114e+02   3.0000e+00   1.7335e-03             NA
2.0131e+02   3.0000e+00   1.7325e-03             NA
2.0148e+02   3.0000e+00   1.7330e-03             NA
2.0164e+02   3.0000e+00   1.7325e-03             NA
2.0181e+02   3.0000e+00   1.7320e-03             NA
2.0198e+02   3.0000e+00   1.7320e-03             NA
2.0215e+02   3.0010e+00   1.7310e-03             NA
2.0232e+02   3.0000e+00   1.7315e-03             NA
2.0241e+02   3.0000e+00   1.7310e-03             NA
2.0266e+02   2.0000e+00   1.1625e-03             NA
2.0284e+02   2.0000e+00   1.1625e-03             NA
2.0300e+02   2.0000e+00   1.1625e-03             NA
2.0317e+02   2.0000e+00   1.1620e-03             NA
2.0333e+02   2.0000e+00   1.1620e-03             NA
2.0349e+02   2.0000e+00   1.1620e-03             NA
2.0353e+02   2.0000e+00   1.1620e-03             NA
2.0381e+02   2.0000e+00   1.1620e-03             NA
2.0402e+02   2.0000e+00   1.1620e-03             NA
2.0423e+02   2.0000e+00   1.1625e-03             NA
2.0442e+02   2.0000e+00   1.1620e-03             NA
2.0461e+02   2.0000e+00   1.1620e-03             NA
2.0477e+02   2.0000e+00   1.1615e-03             NA
2.0493e+02   2.0000e+00   1.1620e-03             NA
2.0511e+02   2.0000e+00   1.1615e-03             NA
2.0530e+02   2.0000e+00   1.1620e-03             NA
2.0548e+02   2.0000e+00   1.1615e-03             NA
2.0565e+02   2.0000e+00   1.1615e-03             NA
2.0581e+02   2.0000e+00   1.1620e-03             NA
2.0598e+02   2.0000e+00   1.1620e-03             NA
2.0614e+02   2.0000e+00   1.1620e-03             NA
2.0630e+02   2.0000e+00   1.1615e-03             NA
2.0646e+02   2.0000e+00   1.1620e-03             NA
2.0664e+02   2.0000e+00   1.1620e-03             NA
2.0682e+02   2.0000e+00   1.1620e-03             NA
2.0698e+02   2.0000e+00   1.1620e-03             NA
2.0714e+02   2.0000e+00   1.1620e-03             NA
2.0730e+02   2.0000e+00   1.1620e-03             NA
2.0746e+02   2.0000e+00   1.1610e-03             NA
2.0762e+02   2.0000e+00   1.1610e-03             NA
2.0779e+02   2.0000e+00   1.1615e-03             NA
2.0796e+02   2.0000e+00   1.1615e-03             NA
2.0812e+02   2.0000e+00   1.1615e-03             NA
2.0828e+02   2.0000e+00   1.1615e-03             NA
2.0846e+02   2.0000e+00   1.1615e-03             NA
2.0862e+02   2.0000e+00   1.1615e-03             NA
2.0878e+02   2.0000e+00   1.1610e-03             NA
2.0895e+02   2.0000e+00   1.1610e-03             NA
2.0911e+02   2.0000e+00   1.1605e-03             NA
2.0928e+02   2.0000e+00   1.1600e-03             NA
2.0945e+02   2.0000e+00   1.1600e-03             NA
2.0961e+02   2.0000e+00   1.1600e-03             NA
2.0978e+02   2.0000e+00   1.1600e-03             NA
2.1003e+02   9.9900e-01   5.8250e-04             NA
2.1022e+02   1.0000e+00   5.8250e-04             NA
2.1039e+02   9.9900e-01   5.8250e-04             NA
2.1056e+02   9.9900e-01   5.8250e-04             NA
2.1072e+02   9.9900e-01   5.8250e-04             NA
2.1089e+02   9.9900e-01   5.8250e-04             NA
2.1105e+02   9.9900e-01   5.8250e-04             NA
2.1123e+02   9.9900e-01   5.8250e-04             NA
2.1139e+02   9.9900e-01   5.8200e-04             NA
2.1155e+02   9.9900e-01   5.8200e-04             NA
2.1173e+02   9.9900e-01   5.8250e-04             NA
2.1190e+02   9.9900e-01   5.8250e-04             NA
2.1207e+02   9.9900e-01   5.8200e-04             NA
2.1224e+02   9.9900e-01   5.8250e-04             NA
2.1241e+02   9.9900e-01   5.8200e-04             NA
2.1258e+02   9.9900e-01   5.8200e-04             NA
2.1274e+02   9.9900e-01   5.8250e-04             NA
2.1281e+02   9.9900e-01   5.8200e-04             NA
2.1306e+02   9.9900e-01   5.8200e-04             NA
2.1322e+02   9.9900e-01   5.8200e-04             NA
2.1338e+02   9.9900e-01   5.8200e-04             NA
2.1355e+02   9.9900e-01   5.8200e-04             NA
2.1372e+02   9.9900e-01   5.8200e-04             NA
2.1390e+02   1.0000e+00   5.8200e-04             NA
2.1408e+02   9.9900e-01   5.8200e-04             NA
2.1428e+02   9.9900e-01   5.8200e-04             NA
2.1445e+02   9.9900e-01   5.8200e-04             NA
2.1463e+02   9.9900e-01   5.8200e-04             NA
2.1480e+02   9.9900e-01   5.8200e-04             NA
2.1498e+02   9.9900e-01   5.8200e-04             NA
2.1516e+02   9.9900e-01   5.8200e-04             NA
2.1535e+02   9.9900e-01   5.8200e-04             NA
2.1553e+02   9.9900e-01   5.8200e-04             NA
2.1561e+02   9.9900e-01   5.8200e-04             NA
2.1584e+02   9.9900e-01   5.8200e-04             NA
2.1600e+02   9.9900e-01   5.8200e-04             NA
2.1618e+02   1.0000e+00   5.8200e-04             NA
2.1636e+02   9.9900e-01   5.8200e-04             NA
2.1653e+02   9.9900e-01   5.8200e-04             NA
2.1672e+02   9.9900e-01   5.8200e-04             NA
2.1687e+02   1.0000e+00   5.8200e-04             NA
2.1706e+02   1.0000e+00   5.8200e-04             NA
2.1724e+02   9.9900e-01   5.8200e-04             NA
2.1744e+02   9.9900e-01   5.8200e-04             NA
2.1760e+02   9.9900e-01   5.8200e-04             NA
2.1778e+02   9.9900e-01   5.8200e-04             NA
2.1795e+02   1.0000e+00   5.8200e-04             NA
2.1813e+02   9.9900e-01   5.8200e-04             NA
2.1830e+02   9.9900e-01   5.8200e-04             NA
2.1847e+02   9.9900e-01   5.8200e-04             NA

