1.7003e-01   9.9900e-01   3.0000e-06             NA
3.6185e-01   9.9900e-01   3.0000e-06             NA
6.3662e-01   9.9900e-01   3.0000e-06             NA
7.2273e-01   9.9900e-01   3.0000e-06             NA
9.7870e-01   9.9900e-01   3.0000e-06             NA
1.0191e+00   9.9900e-01   3.0000e-06             NA
1.1774e+00   1.0000e+00   3.0000e-06             NA
1.3319e+00   9.9900e-01   3.0000e-06             NA
1.4783e+00   9.9900e-01   3.0000e-06             NA
1.6345e+00   9.9900e-01   3.0000e-06             NA
1.7865e+00   9.9900e-01   3.0000e-06             NA
2.0736e+00   9.9900e-01   3.0000e-06             NA
2.1211e+00   9.9900e-01   3.0000e-06             NA
2.3756e+00   9.9900e-01   3.0000e-06             NA
2.5332e+00   9.9900e-01   3.0000e-06             NA
2.6193e+00   9.9900e-01   3.0000e-06             NA
2.8320e+00   1.0000e+00   3.0000e-06             NA
3.0109e+00   9.9900e-01   3.0000e-06             NA
3.0501e+00   9.9900e-01   3.0000e-06             NA
3.3373e+00   9.9900e-01   3.0000e-06             NA
3.4935e+00   9.9900e-01   3.0000e-06             NA
3.6600e+00   9.9900e-01   2.5000e-06             NA
3.7508e+00   9.9900e-01   3.0000e-06             NA
4.0397e+00   9.9900e-01   2.5000e-06             NA
4.2149e+00   9.9900e-01   2.5000e-06             NA
4.3998e+00   9.9900e-01   3.0000e-06             NA
4.5801e+00   9.9900e-01   3.0000e-06             NA
4.6187e+00   9.9900e-01   3.0000e-06             NA
4.9442e+00   9.9900e-01   3.0000e-06             NA
5.1139e+00   9.9900e-01   2.5000e-06             NA
5.1529e+00   9.9900e-01   2.5000e-06             NA
5.4579e+00   9.9900e-01   3.0000e-06             NA
5.6426e+00   9.9900e-01   2.5000e-06             NA
5.8212e+00   1.0000e+00   3.0000e-06             NA
6.0080e+00   9.9900e-01   3.0000e-06             NA
6.0469e+00   1.0000e+00   3.0000e-06             NA
6.3458e+00   1.0000e+00   3.0000e-06             NA
6.4322e+00   9.9900e-01   3.0000e-06             NA
6.6716e+00   9.9900e-01   3.0000e-06             NA
6.8626e+00   9.9900e-01   3.0000e-06             NA
6.9210e+00   9.9900e-01   3.0000e-06             NA
7.2231e+00   1.0000e+00   3.0000e-06             NA
7.4047e+00   9.9900e-01   3.0000e-06             NA


