1.1361e-01   3.0000e+00   1.9605e-03             NA
3.0703e-01   3.0000e+00   1.9605e-03             NA
4.9381e-01   3.0000e+00   1.9605e-03             NA
6.7317e-01   3.0000e+00   1.9605e-03             NA
8.2600e-01   3.0000e+00   1.9605e-03             NA
9.8230e-01   3.0010e+00   1.9605e-03             NA
1.1366e+00   3.0000e+00   1.9605e-03             NA
1.2935e+00   3.0000e+00   1.9605e-03             NA
1.4614e+00   3.0000e+00   1.9605e-03             NA
1.6214e+00   3.0000e+00   1.9605e-03             NA
1.7791e+00   3.0000e+00   1.9605e-03             NA
1.9497e+00   3.0010e+00   1.9605e-03             NA
2.0991e+00   3.0000e+00   1.9605e-03             NA
2.2517e+00   3.0000e+00   1.9605e-03             NA
2.5487e+00   3.0000e+00   1.9605e-03             NA
2.6137e+00   3.0000e+00   1.9605e-03             NA
2.7374e+00   3.0000e+00   1.9600e-03             NA
3.0308e+00   3.0000e+00   1.9605e-03             NA
3.2156e+00   3.0000e+00   1.9600e-03             NA
3.3975e+00   3.0010e+00   1.9605e-03             NA
3.6808e+00   3.0000e+00   1.9605e-03             NA
3.7218e+00   3.0010e+00   1.9605e-03             NA
4.0348e+00   3.0000e+00   1.9605e-03             NA
4.1140e+00   3.0000e+00   1.9600e-03             NA
4.3634e+00   3.0000e+00   1.9600e-03             NA
4.5444e+00   3.0000e+00   1.9605e-03             NA
4.6131e+00   3.0000e+00   1.9600e-03             NA
4.8892e+00   3.0010e+00   1.9600e-03             NA
4.9254e+00   3.0000e+00   1.9605e-03             NA
5.0791e+00   3.0000e+00   1.9600e-03             NA
5.2391e+00   3.0000e+00   1.9605e-03             NA
5.5856e+00   3.0000e+00   1.9605e-03             NA
5.7714e+00   3.0000e+00   1.9605e-03             NA
5.9469e+00   3.0000e+00   1.9600e-03             NA
6.0132e+00   3.0000e+00   1.9605e-03             NA
6.1303e+00   3.0000e+00   1.9600e-03             NA
6.4361e+00   3.0000e+00   1.9600e-03             NA
6.6094e+00   3.0010e+00   1.9605e-03             NA
6.7942e+00   3.0010e+00   1.9605e-03             NA
6.8260e+00   3.0000e+00   1.9600e-03             NA
7.1269e+00   3.0000e+00   1.9605e-03             NA
7.2126e+00   3.0010e+00   1.9605e-03             NA
7.4543e+00   3.0000e+00   1.9605e-03             NA
7.6372e+00   3.0000e+00   1.9600e-03             NA
7.8214e+00   3.0000e+00   1.9600e-03             NA
7.9132e+00   3.0010e+00   1.9605e-03             NA
8.1493e+00   3.0000e+00   1.9605e-03             NA
8.2134e+00   3.0000e+00   1.9605e-03             NA
8.3551e+00   3.0000e+00   1.9600e-03             NA
8.6509e+00   3.0000e+00   1.9600e-03             NA
8.7135e+00   3.0010e+00   1.9600e-03             NA
8.9868e+00   3.0000e+00   1.9600e-03             NA
9.1802e+00   3.0000e+00   1.9605e-03             NA
9.2247e+00   3.0000e+00   1.9600e-03             NA
9.5275e+00   3.0000e+00   1.9605e-03             NA
9.7323e+00   3.0000e+00   1.9600e-03             NA
9.9269e+00   3.0000e+00   1.9600e-03             NA
1.0014e+01   3.0000e+00   1.9600e-03             NA
1.0114e+01   3.0000e+00   1.9600e-03             NA
1.0431e+01   3.0000e+00   1.9600e-03             NA
1.0619e+01   3.0000e+00   1.9605e-03             NA
1.0797e+01   3.0000e+00   1.9600e-03             NA
1.0986e+01   3.0000e+00   1.9600e-03             NA
1.1159e+01   3.0000e+00   1.9600e-03             NA
1.1327e+01   3.0000e+00   1.9600e-03             NA
1.1528e+01   3.0010e+00   1.9605e-03             NA
1.1718e+01   3.0000e+00   1.9600e-03             NA
1.1813e+01   3.0010e+00   1.9600e-03             NA
1.2053e+01   3.0000e+00   1.9605e-03             NA
1.2112e+01   3.0000e+00   1.9600e-03             NA
1.2389e+01   3.0000e+00   1.9600e-03             NA
1.2577e+01   3.0000e+00   1.9600e-03             NA
1.2763e+01   3.0000e+00   1.9600e-03             NA
1.2951e+01   3.0000e+00   1.9600e-03             NA
1.3013e+01   3.0000e+00   1.9600e-03             NA
1.3147e+01   3.0000e+00   1.9600e-03             NA
1.3463e+01   3.0000e+00   1.9600e-03             NA
1.3637e+01   3.0010e+00   1.9600e-03             NA
1.3824e+01   3.0000e+00   1.9600e-03             NA
1.4007e+01   3.0000e+00   1.9605e-03             NA
1.4045e+01   3.0000e+00   1.9600e-03             NA
1.4349e+01   3.0000e+00   1.9600e-03             NA
1.4521e+01   3.0000e+00   1.9605e-03             NA
1.4713e+01   3.0000e+00   1.9600e-03             NA
1.4888e+01   3.0000e+00   1.9600e-03             NA
1.5055e+01   3.0010e+00   1.9600e-03             NA
1.5114e+01   3.0000e+00   1.9600e-03             NA
1.5409e+01   3.0000e+00   1.9600e-03             NA
1.5592e+01   3.0000e+00   1.9600e-03             NA
1.5772e+01   3.0000e+00   1.9600e-03             NA
1.5965e+01   3.0010e+00   1.9600e-03             NA
1.6153e+01   3.0000e+00   1.9600e-03             NA
1.6213e+01   3.0000e+00   1.9600e-03             NA
1.6501e+01   3.0000e+00   1.9600e-03             NA
1.6686e+01   3.0000e+00   1.9600e-03             NA
1.6719e+01   3.0010e+00   1.9605e-03             NA
1.7033e+01   3.0010e+00   1.9600e-03             NA
1.7114e+01   3.0000e+00   1.9600e-03             NA
1.7219e+01   3.0000e+00   1.9600e-03             NA
1.7575e+01   3.0000e+00   1.9600e-03             NA
1.7613e+01   3.0000e+00   1.9600e-03             NA
1.7929e+01   3.0000e+00   1.9600e-03             NA
1.8014e+01   3.0000e+00   1.9605e-03             NA
1.8122e+01   3.0000e+00   1.9600e-03             NA
1.8293e+01   3.0000e+00   1.9600e-03             NA
1.8470e+01   3.0000e+00   1.9600e-03             NA
1.8653e+01   3.0010e+00   1.9600e-03             NA
1.8814e+01   3.0010e+00   1.9600e-03             NA
1.9146e+01   3.0010e+00   1.9600e-03             NA
1.9345e+01   3.0000e+00   1.9600e-03             NA
1.9535e+01   3.0000e+00   1.9600e-03             NA
1.9725e+01   3.0000e+00   1.9600e-03             NA
1.9814e+01   3.0000e+00   1.9600e-03             NA
2.0066e+01   3.0000e+00   1.9600e-03             NA
2.0114e+01   3.0000e+00   1.9600e-03             NA
2.0410e+01   3.0010e+00   1.9600e-03             NA
2.0593e+01   3.0000e+00   1.9600e-03             NA
2.0771e+01   3.0000e+00   1.9600e-03             NA
2.0953e+01   3.0000e+00   1.9600e-03             NA
2.1013e+01   3.0010e+00   1.9600e-03             NA
2.1143e+01   3.0000e+00   1.9600e-03             NA
2.1458e+01   3.0000e+00   1.9600e-03             NA
2.1644e+01   3.0000e+00   1.9600e-03             NA
2.1714e+01   3.0000e+00   1.9600e-03             NA
2.2000e+01   3.0000e+00   1.9600e-03             NA
2.2197e+01   3.0010e+00   1.9600e-03             NA
2.2391e+01   3.0000e+00   1.9600e-03             NA
2.2566e+01   3.0000e+00   1.9600e-03             NA
2.2742e+01   3.0010e+00   1.9600e-03             NA
2.2924e+01   3.0000e+00   1.9600e-03             NA
2.3115e+01   3.0010e+00   1.9600e-03             NA
2.3293e+01   3.0000e+00   1.9600e-03             NA
2.3499e+01   3.0000e+00   1.9600e-03             NA
2.3697e+01   3.0000e+00   1.9600e-03             NA
2.3887e+01   3.0000e+00   1.9600e-03             NA
2.3918e+01   3.0000e+00   1.9600e-03             NA
2.4254e+01   3.0000e+00   1.9600e-03             NA
2.4433e+01   3.0000e+00   1.9600e-03             NA
2.4621e+01   3.0000e+00   1.9600e-03             NA
2.4802e+01   3.0000e+00   1.9600e-03             NA
2.4986e+01   3.0000e+00   1.9600e-03             NA
2.5172e+01   3.0000e+00   1.9600e-03             NA
2.5213e+01   3.0000e+00   1.9600e-03             NA
2.5540e+01   3.0010e+00   1.9600e-03             NA
2.5614e+01   3.0000e+00   1.9600e-03             NA
2.5880e+01   3.0000e+00   1.9600e-03             NA
2.6063e+01   3.0000e+00   1.9600e-03             NA
2.6249e+01   3.0000e+00   1.9600e-03             NA
2.6425e+01   3.0000e+00   1.9600e-03             NA
2.6603e+01   3.0000e+00   1.9600e-03             NA
2.6783e+01   3.0000e+00   1.9600e-03             NA
2.6963e+01   3.0000e+00   1.9600e-03             NA
2.7166e+01   3.0000e+00   1.9600e-03             NA
2.7347e+01   3.0010e+00   1.9600e-03             NA
2.7564e+01   3.0000e+00   1.9600e-03             NA
2.7614e+01   3.0010e+00   1.9600e-03             NA
2.7943e+01   3.0010e+00   1.9600e-03             NA
2.8013e+01   3.0000e+00   1.9600e-03             NA
2.8297e+01   3.0000e+00   1.9600e-03             NA
2.8497e+01   3.0000e+00   1.9600e-03             NA
2.8535e+01   3.0000e+00   1.9600e-03             NA
2.8714e+01   3.0000e+00   1.9600e-03             NA
2.9049e+01   3.0010e+00   1.9600e-03             NA
2.9113e+01   3.0000e+00   1.9600e-03             NA
2.9411e+01   3.0000e+00   1.9600e-03             NA
2.9596e+01   3.0010e+00   1.9600e-03             NA
2.9789e+01   3.0000e+00   1.9600e-03             NA
2.9973e+01   3.0010e+00   1.9600e-03             NA
3.0169e+01   3.0000e+00   1.9600e-03             NA
3.0222e+01   3.0000e+00   1.9600e-03             NA
3.0570e+01   3.0000e+00   1.9600e-03             NA
3.0752e+01   3.0000e+00   1.9600e-03             NA
3.0944e+01   3.0000e+00   1.9600e-03             NA
3.1148e+01   3.0010e+00   1.9600e-03             NA
3.1214e+01   3.0000e+00   1.9600e-03             NA
3.1503e+01   3.0000e+00   1.9600e-03             NA
3.1692e+01   3.0000e+00   1.9600e-03             NA
3.1878e+01   3.0010e+00   1.9600e-03             NA
3.1914e+01   3.0000e+00   1.9600e-03             NA
3.2235e+01   3.0000e+00   1.9600e-03             NA
3.2422e+01   3.0000e+00   1.9600e-03             NA
3.2606e+01   3.0000e+00   1.9600e-03             NA
3.2640e+01   3.0010e+00   1.9600e-03             NA
3.2811e+01   3.0000e+00   1.9600e-03             NA
3.3136e+01   3.0000e+00   1.9600e-03             NA
3.3224e+01   2.0000e+00   1.3200e-03             NA
3.3392e+01   2.0000e+00   1.3200e-03             NA
3.3710e+01   2.0000e+00   1.3200e-03             NA
3.3879e+01   2.0000e+00   1.3200e-03             NA
3.4055e+01   2.0000e+00   1.3200e-03             NA
3.4234e+01   2.0000e+00   1.3200e-03             NA
3.4408e+01   2.0000e+00   1.3200e-03             NA
3.4573e+01   2.0000e+00   1.3200e-03             NA
3.4739e+01   2.0000e+00   1.3200e-03             NA
3.4906e+01   2.0000e+00   1.3200e-03             NA
3.4938e+01   2.0000e+00   1.3200e-03             NA
3.5108e+01   2.0000e+00   1.3200e-03             NA
3.5275e+01   2.0000e+00   1.3200e-03             NA
3.5445e+01   2.0000e+00   1.3200e-03             NA
3.5751e+01   2.0000e+00   1.3200e-03             NA
3.5919e+01   2.0000e+00   1.3200e-03             NA
3.6095e+01   2.0000e+00   1.3200e-03             NA
3.6259e+01   2.0000e+00   1.3200e-03             NA
3.6431e+01   2.0000e+00   1.3200e-03             NA
3.6610e+01   2.0000e+00   1.3200e-03             NA
3.6781e+01   2.0000e+00   1.3200e-03             NA
3.6952e+01   2.0000e+00   1.3200e-03             NA
3.7013e+01   2.0000e+00   1.3200e-03             NA
3.7140e+01   2.0000e+00   1.3200e-03             NA
3.7477e+01   2.0000e+00   1.3200e-03             NA
3.7689e+01   2.0000e+00   1.3200e-03             NA
3.7861e+01   2.0000e+00   1.3200e-03             NA
3.8039e+01   2.0000e+00   1.3200e-03             NA
3.8213e+01   2.0000e+00   1.3200e-03             NA
3.8387e+01   2.0010e+00   1.3200e-03             NA
3.8569e+01   2.0000e+00   1.3200e-03             NA
3.8739e+01   2.0000e+00   1.3200e-03             NA
3.8920e+01   2.0000e+00   1.3200e-03             NA
3.9099e+01   2.0000e+00   1.3200e-03             NA
3.9278e+01   2.0000e+00   1.3200e-03             NA
3.9457e+01   2.0000e+00   1.3200e-03             NA
3.9634e+01   2.0000e+00   1.3200e-03             NA
3.9798e+01   2.0000e+00   1.3200e-03             NA
3.9967e+01   2.0000e+00   1.3200e-03             NA
4.0147e+01   2.0000e+00   1.3200e-03             NA
4.0212e+01   2.0000e+00   1.3200e-03             NA
4.0334e+01   2.0000e+00   1.3200e-03             NA
4.0668e+01   2.0000e+00   1.3200e-03             NA
4.0836e+01   2.0000e+00   1.3200e-03             NA
4.1008e+01   2.0000e+00   1.3200e-03             NA
4.1182e+01   2.0000e+00   1.3200e-03             NA
4.1356e+01   2.0000e+00   1.3200e-03             NA
4.1525e+01   2.0000e+00   1.3200e-03             NA
4.1695e+01   2.0000e+00   1.3200e-03             NA
4.1871e+01   2.0000e+00   1.3200e-03             NA
4.2048e+01   2.0000e+00   1.3200e-03             NA
4.2219e+01   2.0000e+00   1.3200e-03             NA
4.2381e+01   2.0000e+00   1.3200e-03             NA
4.2552e+01   2.0000e+00   1.3200e-03             NA
4.2720e+01   2.0000e+00   1.3200e-03             NA
4.2898e+01   2.0000e+00   1.3200e-03             NA
4.3068e+01   2.0000e+00   1.3200e-03             NA
4.3112e+01   2.0000e+00   1.3200e-03             NA
4.3400e+01   2.0000e+00   1.3200e-03             NA
4.3434e+01   2.0000e+00   1.3200e-03             NA
4.3740e+01   2.0000e+00   1.3200e-03             NA
4.3909e+01   2.0000e+00   1.3200e-03             NA
4.4088e+01   2.0000e+00   1.3200e-03             NA
4.4262e+01   2.0000e+00   1.3200e-03             NA
4.4312e+01   2.0000e+00   1.3200e-03             NA
4.4604e+01   2.0000e+00   1.3200e-03             NA
4.4777e+01   2.0000e+00   1.3200e-03             NA
4.4944e+01   2.0000e+00   1.3200e-03             NA
4.5114e+01   2.0000e+00   1.3200e-03             NA
4.5214e+01   2.0000e+00   1.3200e-03             NA
4.5313e+01   2.0000e+00   1.3200e-03             NA
4.5455e+01   2.0000e+00   1.3200e-03             NA
4.5635e+01   2.0000e+00   1.3200e-03             NA
4.5936e+01   9.9900e-01   6.6400e-04             NA
4.6012e+01   1.0000e+00   6.6400e-04             NA
4.6277e+01   9.9900e-01   6.6400e-04             NA
4.6456e+01   9.9900e-01   6.6400e-04             NA
4.6633e+01   9.9900e-01   6.6400e-04             NA
4.6820e+01   9.9900e-01   6.6400e-04             NA
4.6998e+01   9.9900e-01   6.6400e-04             NA
4.7170e+01   1.0000e+00   6.6400e-04             NA
4.7350e+01   9.9900e-01   6.6400e-04             NA
4.7518e+01   9.9900e-01   6.6400e-04             NA
4.7696e+01   9.9900e-01   6.6400e-04             NA
4.7855e+01   9.9900e-01   6.6400e-04             NA
4.8030e+01   9.9900e-01   6.6400e-04             NA
4.8210e+01   1.0000e+00   6.6400e-04             NA
4.8391e+01   9.9900e-01   6.6400e-04             NA
4.8568e+01   1.0000e+00   6.6400e-04             NA
4.8747e+01   9.9900e-01   6.6400e-04             NA
4.8921e+01   9.9900e-01   6.6400e-04             NA
4.9095e+01   1.0000e+00   6.6400e-04             NA
4.9274e+01   9.9900e-01   6.6400e-04             NA
4.9453e+01   9.9900e-01   6.6400e-04             NA
4.9623e+01   9.9900e-01   6.6400e-04             NA
4.9798e+01   9.9900e-01   6.6400e-04             NA
4.9978e+01   9.9900e-01   6.6400e-04             NA
5.0153e+01   9.9900e-01   6.6400e-04             NA
5.0212e+01   1.0000e+00   6.6400e-04             NA
5.0474e+01   1.0000e+00   6.6400e-04             NA
5.0650e+01   9.9900e-01   6.6400e-04             NA
5.0827e+01   1.0000e+00   6.6400e-04             NA
5.0995e+01   9.9900e-01   6.6400e-04             NA
5.1168e+01   9.9900e-01   6.6400e-04             NA
5.1337e+01   9.9900e-01   6.6400e-04             NA
5.1505e+01   9.9900e-01   6.6400e-04             NA
5.1670e+01   1.0000e+00   6.6400e-04             NA
5.1713e+01   9.9900e-01   6.6400e-04             NA
5.1992e+01   9.9900e-01   6.6400e-04             NA
5.2156e+01   9.9900e-01   6.6400e-04             NA
5.2331e+01   9.9900e-01   6.6400e-04             NA
5.2507e+01   9.9900e-01   6.6400e-04             NA
5.2682e+01   1.0000e+00   6.6400e-04             NA
5.2853e+01   1.0000e+00   6.6400e-04             NA
5.3024e+01   9.9900e-01   6.6400e-04             NA
5.3192e+01   9.9900e-01   6.6400e-04             NA
5.3374e+01   9.9900e-01   6.6400e-04             NA
5.3540e+01   9.9900e-01   6.6400e-04             NA
5.3714e+01   1.0000e+00   6.6350e-04             NA
5.3891e+01   9.9900e-01   6.6350e-04             NA
5.4061e+01   1.0000e+00   6.6350e-04             NA
5.4237e+01   1.0000e+00   6.6350e-04             NA
5.4418e+01   1.0000e+00   6.6350e-04             NA
5.4620e+01   1.0000e+00   6.6350e-04             NA
5.4793e+01   9.9900e-01   6.6350e-04             NA
5.4963e+01   1.0000e+00   6.6350e-04             NA
5.5150e+01   9.9900e-01   6.6350e-04             NA
5.5323e+01   9.9900e-01   6.6350e-04             NA
5.5501e+01   9.9900e-01   6.6350e-04             NA
5.5672e+01   1.0000e+00   6.6350e-04             NA
5.5837e+01   1.0000e+00   6.6350e-04             NA
5.6012e+01   9.9900e-01   6.6350e-04             NA
5.6184e+01   9.9900e-01   6.6350e-04             NA
5.6361e+01   9.9900e-01   6.6350e-04             NA
5.6561e+01   9.9900e-01   6.6350e-04             NA
5.6746e+01   1.0000e+00   6.6350e-04             NA
5.6925e+01   9.9900e-01   6.6350e-04             NA
5.7094e+01   1.0000e+00   6.6350e-04             NA
5.7131e+01   9.9900e-01   6.6350e-04             NA
5.7427e+01   9.9900e-01   6.6350e-04             NA
5.7593e+01   1.0000e+00   6.6350e-04             NA
5.7765e+01   1.0000e+00   6.6350e-04             NA
5.7938e+01   9.9900e-01   6.6350e-04             NA
5.8116e+01   9.9900e-01   6.6350e-04             NA
5.8287e+01   9.9900e-01   6.6350e-04             NA
5.8475e+01   9.9900e-01   6.6350e-04             NA
5.8659e+01   9.9900e-01   6.6350e-04             NA
5.8832e+01   9.9900e-01   6.6350e-04             NA
5.9022e+01   9.9900e-01   6.6350e-04             NA
5.9197e+01   9.9900e-01   6.6350e-04             NA


