2.1813e-01   9.9900e-01   6.6950e-04             NA
1.1917e+00   1.0000e+00   6.6950e-04             NA
1.5788e+00   9.9900e-01   6.6950e-04             NA
1.7941e+00   9.9900e-01   6.6950e-04             NA
1.8862e+00   9.9900e-01   6.6950e-04             NA
2.2451e+00   9.9900e-01   6.6950e-04             NA
2.2873e+00   9.9900e-01   6.6950e-04             NA
2.6804e+00   9.9900e-01   6.6950e-04             NA
2.8982e+00   9.9900e-01   6.6950e-04             NA
3.1556e+00   1.0000e+00   6.6950e-04             NA
3.2052e+00   1.0000e+00   6.6950e-04             NA
3.5944e+00   1.0000e+00   6.6950e-04             NA
3.6849e+00   9.9900e-01   6.6950e-04             NA
4.0241e+00   1.0000e+00   6.6950e-04             NA
4.0855e+00   9.9900e-01   6.6950e-04             NA
4.4395e+00   9.9900e-01   6.6950e-04             NA
4.6652e+00   9.9900e-01   6.6950e-04             NA
4.7095e+00   9.9900e-01   6.6950e-04             NA
5.0857e+00   9.9900e-01   6.6950e-04             NA
5.1294e+00   9.9900e-01   6.6950e-04             NA
5.4901e+00   1.0000e+00   6.6900e-04             NA
5.6019e+00   9.9900e-01   6.6950e-04             NA
5.9777e+00   9.9900e-01   6.6950e-04             NA
6.2191e+00   9.9900e-01   6.6950e-04             NA
6.2853e+00   9.9900e-01   6.6950e-04             NA
6.6428e+00   9.9900e-01   6.6950e-04             NA
6.8689e+00   9.9900e-01   6.6950e-04             NA
7.0908e+00   1.0000e+00   6.6950e-04             NA
7.1851e+00   9.9900e-01   6.6950e-04             NA
7.5302e+00   9.9900e-01   6.6950e-04             NA
7.7574e+00   1.0000e+00   6.6950e-04             NA
7.9995e+00   9.9900e-01   6.6950e-04             NA
8.2168e+00   9.9900e-01   6.6950e-04             NA
8.4430e+00   9.9900e-01   6.6950e-04             NA
8.6888e+00   1.0000e+00   6.6950e-04             NA
8.9143e+00   1.0000e+00   6.6950e-04             NA
9.1625e+00   9.9900e-01   6.6950e-04             NA
9.2174e+00   1.0000e+00   6.6950e-04             NA
9.6069e+00   9.9900e-01   6.6950e-04             NA
9.8596e+00   9.9900e-01   6.6950e-04             NA
1.0076e+01   9.9900e-01   6.6950e-04             NA
1.0118e+01   1.0000e+00   6.6950e-04             NA
1.0512e+01   1.0000e+00   6.6950e-04             NA
1.0744e+01   9.9900e-01   6.6950e-04             NA
1.0961e+01   9.9900e-01   6.6950e-04             NA
1.1165e+01   9.9900e-01   6.6950e-04             NA
1.1383e+01   9.9900e-01   6.6950e-04             NA
1.1601e+01   9.9900e-01   6.6950e-04             NA
1.1798e+01   9.9900e-01   6.6950e-04             NA
1.2002e+01   9.9900e-01   6.6950e-04             NA
1.2085e+01   9.9900e-01   6.6950e-04             NA
1.2369e+01   1.0000e+00   6.6950e-04             NA
1.2574e+01   9.9900e-01   6.6950e-04             NA
1.2781e+01   9.9900e-01   6.6950e-04             NA
1.2982e+01   9.9900e-01   6.6950e-04             NA
1.3171e+01   9.9900e-01   6.6950e-04             NA
1.3361e+01   9.9900e-01   6.6950e-04             NA
1.3412e+01   9.9900e-01   6.6950e-04             NA
1.3804e+01   9.9900e-01   6.6950e-04             NA
1.4030e+01   1.0000e+00   6.6950e-04             NA
1.4085e+01   1.0000e+00   6.6950e-04             NA
1.4432e+01   9.9900e-01   6.6950e-04             NA
1.4651e+01   9.9900e-01   6.6950e-04             NA
1.4845e+01   9.9900e-01   6.6950e-04             NA
1.5041e+01   9.9900e-01   6.6950e-04             NA
1.5085e+01   1.0000e+00   6.6950e-04             NA
1.5441e+01   9.9900e-01   6.6950e-04             NA
1.5642e+01   1.0000e+00   6.6950e-04             NA
1.5852e+01   9.9900e-01   6.6950e-04             NA
1.6069e+01   9.9900e-01   6.6950e-04             NA
1.6295e+01   9.9900e-01   6.6950e-04             NA
1.6384e+01   1.0000e+00   6.6950e-04             NA
1.6628e+01   1.0000e+00   6.6950e-04             NA
1.6824e+01   9.9900e-01   6.6950e-04             NA
1.7018e+01   9.9900e-01   6.6950e-04             NA
1.7592e+01   1.0000e+00   6.6950e-04             NA
1.7849e+01   9.9900e-01   6.6950e-04             NA
1.8073e+01   1.0000e+00   6.6950e-04             NA
1.8130e+01   1.0000e+00   6.6950e-04             NA
1.8538e+01   1.0000e+00   6.6950e-04             NA
1.8704e+01   9.9900e-01   6.6950e-04             NA
1.8870e+01   1.0000e+00   6.6950e-04             NA
1.9044e+01   1.0000e+00   6.6950e-04             NA
1.9206e+01   9.9900e-01   6.6950e-04             NA
1.9384e+01   1.0000e+00   6.6950e-04             NA
1.9557e+01   9.9900e-01   6.6950e-04             NA
1.9808e+01   2.0000e+00   1.3300e-03             NA
1.9884e+01   2.0000e+00   1.3300e-03             NA
2.0132e+01   2.0000e+00   1.3300e-03             NA
2.0186e+01   2.0000e+00   1.3300e-03             NA
2.0451e+01   2.0000e+00   1.3300e-03             NA
2.0616e+01   2.0000e+00   1.3300e-03             NA
2.0765e+01   2.0000e+00   1.3300e-03             NA
2.0949e+01   2.0000e+00   1.3300e-03             NA
2.1105e+01   2.0000e+00   1.3300e-03             NA
2.1266e+01   2.0010e+00   1.3300e-03             NA
2.1429e+01   2.0000e+00   1.3300e-03             NA
2.1485e+01   2.0000e+00   1.3300e-03             NA
2.1754e+01   2.0000e+00   1.3300e-03             NA
2.1920e+01   2.0000e+00   1.3300e-03             NA
2.2118e+01   2.0000e+00   1.3300e-03             NA
2.2186e+01   2.0000e+00   1.3300e-03             NA
2.2431e+01   2.0000e+00   1.3300e-03             NA
2.2599e+01   2.0010e+00   1.3300e-03             NA
2.2763e+01   2.0000e+00   1.3300e-03             NA
2.2934e+01   2.0000e+00   1.3300e-03             NA
2.3091e+01   2.0000e+00   1.3300e-03             NA
2.3256e+01   2.0000e+00   1.3300e-03             NA
2.3419e+01   2.0000e+00   1.3300e-03             NA
2.3484e+01   2.0000e+00   1.3300e-03             NA
2.3716e+01   2.0000e+00   1.3300e-03             NA
2.3879e+01   2.0000e+00   1.3300e-03             NA
2.4054e+01   2.0000e+00   1.3300e-03             NA
2.4212e+01   2.0000e+00   1.3300e-03             NA
2.4370e+01   2.0000e+00   1.3300e-03             NA
2.4535e+01   2.0000e+00   1.3300e-03             NA
2.4705e+01   2.0000e+00   1.3300e-03             NA
2.4872e+01   2.0000e+00   1.3300e-03             NA
2.5034e+01   2.0000e+00   1.3300e-03             NA
2.5084e+01   2.0000e+00   1.3300e-03             NA
2.5353e+01   2.0000e+00   1.3300e-03             NA
2.5518e+01   2.0000e+00   1.3300e-03             NA
2.5684e+01   2.0000e+00   1.3300e-03             NA
2.5861e+01   2.0000e+00   1.3300e-03             NA
2.6047e+01   2.0000e+00   1.3300e-03             NA
2.6217e+01   2.0000e+00   1.3300e-03             NA
2.6389e+01   2.0000e+00   1.3300e-03             NA
2.6545e+01   2.0000e+00   1.3300e-03             NA
2.6700e+01   2.0010e+00   1.3300e-03             NA
2.6864e+01   2.0000e+00   1.3300e-03             NA
2.7030e+01   2.0000e+00   1.3300e-03             NA
2.7196e+01   2.0000e+00   1.3300e-03             NA
2.7367e+01   2.0000e+00   1.3300e-03             NA
2.7530e+01   2.0000e+00   1.3300e-03             NA
2.7698e+01   2.0000e+00   1.3300e-03             NA
2.7863e+01   2.0000e+00   1.3300e-03             NA
2.8042e+01   2.0000e+00   1.3300e-03             NA
2.8226e+01   2.0010e+00   1.3300e-03             NA
2.8408e+01   2.0010e+00   1.3300e-03             NA
2.8576e+01   2.0000e+00   1.3300e-03             NA
2.8742e+01   2.0010e+00   1.3300e-03             NA
2.8920e+01   2.0000e+00   1.3300e-03             NA
2.9097e+01   2.0000e+00   1.3300e-03             NA
2.9258e+01   2.0000e+00   1.3300e-03             NA
2.9416e+01   2.0000e+00   1.3300e-03             NA
2.9576e+01   2.0000e+00   1.3300e-03             NA
2.9743e+01   2.0000e+00   1.3300e-03             NA
2.9911e+01   2.0000e+00   1.3300e-03             NA
3.0075e+01   2.0000e+00   1.3300e-03             NA
3.0106e+01   2.0000e+00   1.3300e-03             NA
3.0395e+01   2.0000e+00   1.3300e-03             NA
3.0555e+01   2.0000e+00   1.3300e-03             NA
3.0725e+01   2.0000e+00   1.3300e-03             NA
3.0896e+01   2.0000e+00   1.3300e-03             NA
3.1067e+01   2.0000e+00   1.3300e-03             NA
3.1227e+01   2.0000e+00   1.3300e-03             NA
3.1383e+01   2.0000e+00   1.3300e-03             NA
3.1415e+01   2.0000e+00   1.3300e-03             NA
3.1577e+01   2.0000e+00   1.3300e-03             NA
3.1877e+01   2.0000e+00   1.3300e-03             NA
3.2065e+01   2.0000e+00   1.3300e-03             NA
3.2248e+01   2.0000e+00   1.3300e-03             NA
3.2411e+01   2.0000e+00   1.3300e-03             NA
3.2583e+01   2.0000e+00   1.3300e-03             NA
3.2754e+01   2.0000e+00   1.3300e-03             NA
3.2924e+01   2.0000e+00   1.3300e-03             NA
3.3088e+01   2.0000e+00   1.3300e-03             NA
3.3257e+01   2.0000e+00   1.3300e-03             NA
3.3418e+01   2.0000e+00   1.3300e-03             NA
3.3584e+01   2.0000e+00   1.3300e-03             NA
3.3752e+01   2.0000e+00   1.3300e-03             NA
3.3912e+01   2.0000e+00   1.3300e-03             NA
3.4078e+01   2.0000e+00   1.3300e-03             NA
3.4244e+01   2.0000e+00   1.3300e-03             NA
3.4412e+01   2.0000e+00   1.3300e-03             NA
3.4580e+01   2.0000e+00   1.3300e-03             NA
3.4778e+01   3.0000e+00   1.9740e-03             NA
3.4819e+01   3.0000e+00   1.9740e-03             NA
3.5098e+01   3.0010e+00   1.9740e-03             NA
3.5184e+01   3.0000e+00   1.9740e-03             NA
3.5416e+01   3.0000e+00   1.9740e-03             NA
3.5597e+01   3.0010e+00   1.9740e-03             NA
3.5765e+01   3.0000e+00   1.9740e-03             NA
3.5936e+01   3.0010e+00   1.9740e-03             NA
3.6111e+01   3.0010e+00   1.9740e-03             NA
3.6184e+01   3.0000e+00   1.9740e-03             NA
3.6427e+01   3.0000e+00   1.9740e-03             NA
3.6590e+01   3.0010e+00   1.9740e-03             NA
3.6684e+01   3.0010e+00   1.9740e-03             NA
3.6917e+01   3.0000e+00   1.9740e-03             NA
3.6986e+01   3.0010e+00   1.9740e-03             NA
3.7230e+01   3.0010e+00   1.9740e-03             NA
3.7398e+01   3.0010e+00   1.9740e-03             NA
3.7566e+01   3.0010e+00   1.9740e-03             NA
3.7724e+01   3.0000e+00   1.9740e-03             NA
3.7888e+01   3.0010e+00   1.9740e-03             NA
3.8051e+01   3.0010e+00   1.9740e-03             NA
3.8084e+01   3.0000e+00   1.9740e-03             NA
3.8360e+01   3.0010e+00   1.9740e-03             NA
3.8535e+01   3.0010e+00   1.9740e-03             NA
3.8709e+01   3.0010e+00   1.9740e-03             NA
3.8875e+01   3.0000e+00   1.9740e-03             NA
3.8909e+01   3.0010e+00   1.9740e-03             NA
3.9195e+01   3.0000e+00   1.9740e-03             NA
3.9359e+01   3.0000e+00   1.9740e-03             NA
3.9524e+01   3.0010e+00   1.9740e-03             NA
3.9700e+01   3.0000e+00   1.9740e-03             NA
3.9870e+01   3.0000e+00   1.9740e-03             NA
4.0028e+01   3.0010e+00   1.9740e-03             NA
4.0085e+01   3.0010e+00   1.9740e-03             NA
4.0372e+01   3.0010e+00   1.9740e-03             NA
4.0539e+01   3.0000e+00   1.9740e-03             NA
4.0705e+01   3.0010e+00   1.9740e-03             NA
4.0874e+01   3.0010e+00   1.9740e-03             NA
4.1034e+01   3.0000e+00   1.9740e-03             NA
4.1205e+01   3.0000e+00   1.9740e-03             NA
4.1379e+01   3.0010e+00   1.9740e-03             NA
4.1553e+01   3.0000e+00   1.9740e-03             NA
4.1729e+01   3.0000e+00   1.9740e-03             NA
4.1899e+01   3.0010e+00   1.9740e-03             NA
4.2074e+01   3.0010e+00   1.9740e-03             NA
4.2246e+01   3.0000e+00   1.9740e-03             NA
4.2421e+01   3.0000e+00   1.9740e-03             NA
4.2580e+01   3.0000e+00   1.9740e-03             NA
4.2741e+01   3.0010e+00   1.9740e-03             NA
4.2910e+01   3.0010e+00   1.9740e-03             NA
4.3105e+01   3.0000e+00   1.9740e-03             NA
4.3286e+01   3.0000e+00   1.9740e-03             NA
4.3497e+01   4.0000e+00   2.5940e-03             NA
4.3584e+01   4.0000e+00   2.5940e-03             NA
4.3685e+01   4.0000e+00   2.5940e-03             NA
4.3975e+01   4.0000e+00   2.5940e-03             NA
4.4139e+01   4.0000e+00   2.5940e-03             NA
4.4302e+01   4.0000e+00   2.5940e-03             NA
4.4471e+01   4.0000e+00   2.5940e-03             NA
4.4502e+01   4.0000e+00   2.5940e-03             NA
4.4666e+01   4.0000e+00   2.5940e-03             NA
4.4960e+01   4.0000e+00   2.5940e-03             NA
4.5139e+01   4.0000e+00   2.5940e-03             NA
4.5184e+01   4.0000e+00   2.5940e-03             NA
4.5323e+01   4.0000e+00   2.5940e-03             NA
4.5482e+01   4.0000e+00   2.5940e-03             NA
4.5786e+01   4.0000e+00   2.5940e-03             NA
4.5958e+01   4.0000e+00   2.5940e-03             NA
4.5989e+01   4.0000e+00   2.5940e-03             NA
4.6149e+01   4.0000e+00   2.5940e-03             NA
4.6314e+01   4.0000e+00   2.5940e-03             NA
4.6477e+01   4.0000e+00   2.5940e-03             NA
4.6644e+01   4.0000e+00   2.5940e-03             NA
4.6793e+01   4.0000e+00   2.5940e-03             NA
4.7104e+01   4.0000e+00   2.5940e-03             NA
4.7264e+01   4.0000e+00   2.5940e-03             NA
4.7296e+01   4.0000e+00   2.5940e-03             NA
4.7456e+01   4.0000e+00   2.5940e-03             NA
4.7759e+01   4.0000e+00   2.5940e-03             NA
4.7790e+01   4.0000e+00   2.5940e-03             NA
4.8087e+01   4.0000e+00   2.5940e-03             NA
4.8250e+01   4.0000e+00   2.5940e-03             NA
4.8416e+01   4.0000e+00   2.5940e-03             NA
4.8586e+01   4.0000e+00   2.5940e-03             NA
4.8746e+01   4.0000e+00   2.5940e-03             NA
4.8919e+01   4.0000e+00   2.5940e-03             NA
4.9084e+01   4.0000e+00   2.5940e-03             NA
4.9250e+01   4.0000e+00   2.5940e-03             NA
4.9414e+01   4.0000e+00   2.5940e-03             NA
4.9581e+01   4.0000e+00   2.5940e-03             NA
4.9744e+01   4.0000e+00   2.5940e-03             NA
4.9931e+01   4.0000e+00   2.5940e-03             NA
5.0138e+01   4.0000e+00   2.5940e-03             NA
5.0185e+01   4.0000e+00   2.5940e-03             NA
5.0470e+01   4.0000e+00   2.5940e-03             NA
5.0633e+01   4.0000e+00   2.5940e-03             NA
5.0808e+01   4.0000e+00   2.5940e-03             NA
5.0974e+01   4.0000e+00   2.5940e-03             NA
5.1139e+01   4.0000e+00   2.5940e-03             NA
5.1187e+01   4.0000e+00   2.5940e-03             NA
5.1458e+01   4.0000e+00   2.5940e-03             NA
5.1624e+01   4.0000e+00   2.5940e-03             NA
5.1777e+01   4.0000e+00   2.5940e-03             NA
5.1952e+01   4.0000e+00   2.5940e-03             NA
5.2110e+01   4.0000e+00   2.5940e-03             NA
5.2284e+01   4.0000e+00   2.5940e-03             NA
5.2457e+01   4.0000e+00   2.5940e-03             NA
5.2630e+01   4.0000e+00   2.5940e-03             NA
5.2796e+01   4.0000e+00   2.5940e-03             NA
5.2953e+01   4.0000e+00   2.5940e-03             NA
5.3112e+01   4.0000e+00   2.5940e-03             NA
5.3184e+01   4.0000e+00   2.5940e-03             NA
5.3408e+01   4.0000e+00   2.5940e-03             NA
5.3584e+01   4.0000e+00   2.5940e-03             NA
5.3746e+01   4.0000e+00   2.5940e-03             NA
5.3918e+01   4.0000e+00   2.5940e-03             NA
5.4087e+01   4.0000e+00   2.5940e-03             NA
5.4283e+01   4.0000e+00   2.5940e-03             NA
5.4451e+01   4.0000e+00   2.5940e-03             NA
5.4615e+01   4.0000e+00   2.5940e-03             NA
5.4787e+01   4.0000e+00   2.5940e-03             NA
5.4956e+01   4.0000e+00   2.5940e-03             NA
5.5108e+01   4.0000e+00   2.5940e-03             NA
5.5334e+01   3.0010e+00   1.9740e-03             NA
5.5532e+01   3.0010e+00   1.9740e-03             NA
5.5712e+01   3.0000e+00   1.9740e-03             NA
5.5886e+01   3.0000e+00   1.9740e-03             NA
5.6050e+01   3.0000e+00   1.9740e-03             NA
5.6219e+01   3.0000e+00   1.9740e-03             NA
5.6377e+01   3.0010e+00   1.9740e-03             NA
5.6552e+01   3.0010e+00   1.9740e-03             NA
5.6710e+01   3.0000e+00   1.9740e-03             NA
5.6886e+01   3.0010e+00   1.9740e-03             NA
5.7055e+01   3.0010e+00   1.9740e-03             NA
5.7219e+01   3.0010e+00   1.9740e-03             NA
5.7379e+01   3.0000e+00   1.9740e-03             NA
5.7547e+01   3.0010e+00   1.9740e-03             NA
5.7714e+01   3.0010e+00   1.9740e-03             NA
5.7885e+01   3.0000e+00   1.9740e-03             NA
5.8048e+01   3.0010e+00   1.9740e-03             NA
5.8225e+01   3.0010e+00   1.9740e-03             NA
5.8379e+01   3.0010e+00   1.9740e-03             NA
5.8552e+01   3.0010e+00   1.9740e-03             NA
5.8716e+01   3.0010e+00   1.9740e-03             NA
5.8882e+01   3.0000e+00   1.9740e-03             NA
5.9054e+01   3.0000e+00   1.9740e-03             NA
5.9222e+01   3.0000e+00   1.9740e-03             NA
5.9381e+01   3.0000e+00   1.9740e-03             NA
5.9540e+01   3.0000e+00   1.9740e-03             NA
5.9716e+01   3.0000e+00   1.9740e-03             NA
5.9873e+01   3.0010e+00   1.9740e-03             NA
6.0057e+01   3.0010e+00   1.9740e-03             NA
6.0220e+01   3.0010e+00   1.9740e-03             NA
6.0387e+01   3.0000e+00   1.9740e-03             NA
6.0556e+01   3.0000e+00   1.9740e-03             NA
6.0719e+01   3.0000e+00   1.9740e-03             NA
6.0873e+01   3.0000e+00   1.9740e-03             NA
6.1053e+01   3.0010e+00   1.9740e-03             NA
6.1086e+01   3.0010e+00   1.9740e-03             NA
6.1390e+01   3.0010e+00   1.9740e-03             NA
6.1484e+01   3.0000e+00   1.9740e-03             NA
6.1688e+01   3.0010e+00   1.9740e-03             NA
6.1856e+01   3.0000e+00   1.9740e-03             NA
6.2028e+01   3.0010e+00   1.9740e-03             NA
6.2190e+01   3.0000e+00   1.9740e-03             NA
6.2372e+01   3.0000e+00   1.9740e-03             NA
6.2548e+01   2.0000e+00   1.3300e-03             NA
6.2726e+01   2.0000e+00   1.3300e-03             NA
6.2882e+01   2.0000e+00   1.3300e-03             NA
6.3053e+01   2.0000e+00   1.3300e-03             NA
6.3210e+01   2.0000e+00   1.3300e-03             NA
6.3377e+01   2.0000e+00   1.3300e-03             NA
6.3552e+01   2.0000e+00   1.3300e-03             NA
6.3727e+01   2.0000e+00   1.3300e-03             NA
6.3889e+01   2.0000e+00   1.3300e-03             NA
6.4076e+01   2.0000e+00   1.3300e-03             NA
6.4247e+01   2.0000e+00   1.3300e-03             NA
6.4423e+01   2.0000e+00   1.3300e-03             NA
6.4588e+01   2.0000e+00   1.3300e-03             NA
6.4759e+01   2.0000e+00   1.3300e-03             NA
6.4928e+01   2.0000e+00   1.3300e-03             NA
6.5095e+01   2.0000e+00   1.3300e-03             NA
6.5256e+01   2.0000e+00   1.3300e-03             NA
6.5411e+01   2.0000e+00   1.3300e-03             NA
6.5573e+01   2.0000e+00   1.3300e-03             NA
6.5746e+01   2.0000e+00   1.3300e-03             NA
6.5910e+01   2.0000e+00   1.3300e-03             NA
6.6080e+01   2.0000e+00   1.3300e-03             NA
6.6112e+01   2.0000e+00   1.3300e-03             NA
6.6420e+01   2.0000e+00   1.3300e-03             NA
6.6597e+01   2.0000e+00   1.3300e-03             NA
6.6762e+01   2.0000e+00   1.3300e-03             NA
6.6925e+01   2.0000e+00   1.3300e-03             NA
6.7081e+01   2.0000e+00   1.3300e-03             NA
6.7247e+01   2.0000e+00   1.3300e-03             NA
6.7404e+01   2.0000e+00   1.3300e-03             NA
6.7566e+01   2.0000e+00   1.3300e-03             NA
6.7727e+01   2.0000e+00   1.3300e-03             NA
6.7785e+01   2.0000e+00   1.3300e-03             NA
6.7913e+01   2.0000e+00   1.3300e-03             NA
6.8217e+01   2.0000e+00   1.3300e-03             NA
6.8384e+01   2.0000e+00   1.3300e-03             NA
6.8567e+01   2.0000e+00   1.3300e-03             NA
6.8737e+01   2.0000e+00   1.3300e-03             NA
6.8900e+01   2.0000e+00   1.3300e-03             NA
6.9070e+01   2.0000e+00   1.3300e-03             NA
6.9233e+01   2.0000e+00   1.3300e-03             NA
6.9397e+01   2.0000e+00   1.3300e-03             NA
6.9570e+01   2.0000e+00   1.3300e-03             NA
6.9725e+01   2.0000e+00   1.3300e-03             NA
6.9899e+01   2.0000e+00   1.3300e-03             NA
7.0062e+01   2.0000e+00   1.3300e-03             NA
7.0095e+01   2.0000e+00   1.3300e-03             NA
7.0386e+01   2.0000e+00   1.3300e-03             NA
7.0547e+01   2.0000e+00   1.3300e-03             NA
7.0725e+01   2.0000e+00   1.3300e-03             NA
7.0891e+01   2.0000e+00   1.3300e-03             NA
7.1063e+01   2.0010e+00   1.3300e-03             NA
7.1229e+01   2.0000e+00   1.3300e-03             NA
7.1402e+01   2.0000e+00   1.3300e-03             NA
7.1565e+01   2.0000e+00   1.3300e-03             NA
7.1597e+01   2.0000e+00   1.3300e-03             NA
7.1908e+01   2.0000e+00   1.3300e-03             NA
7.2078e+01   2.0000e+00   1.3300e-03             NA
7.2249e+01   2.0000e+00   1.3300e-03             NA
7.2411e+01   2.0000e+00   1.3300e-03             NA
7.2569e+01   2.0000e+00   1.3300e-03             NA
7.2601e+01   2.0000e+00   1.3300e-03             NA
7.2759e+01   2.0000e+00   1.3300e-03             NA
7.2911e+01   2.0000e+00   1.3300e-03             NA
7.3212e+01   2.0000e+00   1.3300e-03             NA
7.3369e+01   2.0000e+00   1.3300e-03             NA
7.3539e+01   2.0000e+00   1.3300e-03             NA
7.3706e+01   2.0000e+00   1.3300e-03             NA
7.3878e+01   2.0000e+00   1.3300e-03             NA
7.3909e+01   2.0000e+00   1.3300e-03             NA
7.4207e+01   2.0000e+00   1.3300e-03             NA
7.4366e+01   2.0000e+00   1.3300e-03             NA
7.4579e+01   1.0000e+00   6.6950e-04             NA
7.4747e+01   1.0000e+00   6.6950e-04             NA
7.4908e+01   9.9900e-01   6.6950e-04             NA
7.5086e+01   1.0000e+00   6.6950e-04             NA
7.5293e+01   1.0000e+00   6.6950e-04             NA
7.5468e+01   9.9900e-01   6.6950e-04             NA
7.5643e+01   9.9900e-01   6.6950e-04             NA
7.5809e+01   9.9900e-01   6.6950e-04             NA
7.5978e+01   1.0000e+00   6.6950e-04             NA
7.6169e+01   1.0000e+00   6.6950e-04             NA
7.6340e+01   9.9900e-01   6.6950e-04             NA
7.6512e+01   9.9900e-01   6.6950e-04             NA
7.6584e+01   9.9900e-01   6.6950e-04             NA
7.6694e+01   1.0000e+00   6.6950e-04             NA
7.6977e+01   1.0000e+00   6.6950e-04             NA
7.7141e+01   9.9900e-01   6.6950e-04             NA
7.7367e+01   9.9900e-01   6.6950e-04             NA
7.7409e+01   9.9900e-01   6.6950e-04             NA
7.7706e+01   9.9900e-01   6.6950e-04             NA
7.7874e+01   9.9900e-01   6.6950e-04             NA
7.8039e+01   9.9900e-01   6.6950e-04             NA
7.8221e+01   9.9900e-01   6.6950e-04             NA
7.8387e+01   9.9900e-01   6.6950e-04             NA
7.8556e+01   9.9900e-01   6.6950e-04             NA
7.8715e+01   1.0000e+00   6.6900e-04             NA
7.8890e+01   9.9900e-01   6.6950e-04             NA
7.9071e+01   9.9900e-01   6.6950e-04             NA
7.9251e+01   9.9900e-01   6.6950e-04             NA
7.9417e+01   9.9900e-01   6.6950e-04             NA
7.9574e+01   9.9900e-01   6.6950e-04             NA
7.9743e+01   9.9900e-01   6.6950e-04             NA
7.9904e+01   9.9900e-01   6.6950e-04             NA
8.0075e+01   9.9900e-01   6.6950e-04             NA
8.0107e+01   9.9900e-01   6.6950e-04             NA
8.0412e+01   1.0000e+00   6.6950e-04             NA
8.0581e+01   9.9900e-01   6.6950e-04             NA
8.0619e+01   9.9900e-01   6.6950e-04             NA
8.0919e+01   9.9900e-01   6.6950e-04             NA
8.1084e+01   1.0000e+00   6.6950e-04             NA
8.1244e+01   9.9900e-01   6.6950e-04             NA
8.1415e+01   9.9900e-01   6.6950e-04             NA
8.1576e+01   9.9900e-01   6.6950e-04             NA
8.1613e+01   9.9900e-01   6.6950e-04             NA
8.1907e+01   9.9900e-01   6.6950e-04             NA
8.2088e+01   9.9900e-01   6.6950e-04             NA
8.2262e+01   1.0000e+00   6.6950e-04             NA
8.2447e+01   9.9900e-01   6.6950e-04             NA
8.2642e+01   1.0000e+00   6.6950e-04             NA
8.2889e+01   9.9900e-01   6.6950e-04             NA
8.3434e+01   9.9900e-01   6.6950e-04             NA
8.3686e+01   9.9900e-01   6.6950e-04             NA
8.4607e+01   9.9900e-01   6.6950e-04             NA
8.5230e+01   1.0000e+00   6.6950e-04             NA
8.5636e+01   9.9900e-01   6.6950e-04             NA
8.6016e+01   9.9900e-01   6.6950e-04             NA
8.6357e+01   1.0000e+00   6.6950e-04             NA
8.6599e+01   9.9900e-01   6.6950e-04             NA
8.6821e+01   9.9900e-01   6.6950e-04             NA
8.7092e+01   9.9900e-01   6.6950e-04             NA
8.7452e+01   9.9900e-01   6.6950e-04             NA
8.7709e+01   1.0000e+00   6.6950e-04             NA
8.7942e+01   9.9900e-01   6.6950e-04             NA
8.8158e+01   9.9900e-01   6.6950e-04             NA
8.8399e+01   9.9900e-01   6.6950e-04             NA
8.8622e+01   1.0000e+00   6.6900e-04             NA
8.8860e+01   9.9900e-01   6.6950e-04             NA
8.9091e+01   9.9900e-01   6.6950e-04             NA
8.9186e+01   1.0000e+00   6.6950e-04             NA
8.9412e+01   1.0000e+00   6.6950e-04             NA
8.9597e+01   9.9900e-01   6.6950e-04             NA
8.9780e+01   1.0000e+00   6.6950e-04             NA
8.9817e+01   9.9900e-01   6.6950e-04             NA
9.0106e+01   9.9900e-01   6.6950e-04             NA
9.0183e+01   1.0000e+00   6.6950e-04             NA
9.0595e+01   9.9900e-01   6.6950e-04             NA
9.0835e+01   9.9900e-01   6.6950e-04             NA
9.1046e+01   9.9900e-01   6.6950e-04             NA
9.1273e+01   9.9900e-01   6.6950e-04             NA
9.1451e+01   1.0000e+00   6.6950e-04             NA
9.1626e+01   9.9900e-01   6.6950e-04             NA
9.1797e+01   1.0000e+00   6.6950e-04             NA
9.1884e+01   9.9900e-01   6.6950e-04             NA
9.2112e+01   9.9900e-01   6.6950e-04             NA
9.2284e+01   9.9900e-01   6.6950e-04             NA
9.2451e+01   9.9900e-01   6.6950e-04             NA
9.2612e+01   1.0000e+00   6.6950e-04             NA
9.2789e+01   9.9900e-01   6.6950e-04             NA


