1080.0
968.0
800.0
800.0
688.0
668.0
378.0
360.0
340.0
340.0
270.0
230.0
200.0
198.0
108.0
87.0
82.0
46.0
39.0
38.0
30.0
20.0
19.0
19.0
18.0
18.0
17.0
16.0
16.0
16.0
16.0
16.0
15.0
15.0
14.0
14.0
14.0
13.0
13.0
13.0
13.0
13.0
13.0
12.0
12.0
11.0
11.0
11.0
10.0
10.0
10.0
10.0
10.0
9.8
9.8
9.5
9.32
9.2
8.8
8.6
8.3
8.2
7.8
7.8
7.4
7
7
6.7
6.7
6.5
6.2
5.9
5.8
5.6
5.2
5.2
4.8
4.4
4
4
3.8
3.8
3.8
3.8
3.8
3.8
3.5
3.5
3.3
3.3
3
2.8
2.8
2.4
2.4
2.3
2.1
2.1
1.88
1.88
1.78
1.61
1.61
1.5
1.5
1.38
1.27
1.27
1
0.829
0.648
0.484
0.481
0.394
0.192
0.0936
0.0434
0.026
0.019
0.0186
0.01526
0.01316
0.0115
0.0103
0.0095
0.0081
0.008
0.0075
0.0075
0.0071
0.0068
0.0064
0.0061
0.0059
0.0057
0.0055
0.0054
0.0053
0.0053
0.0051
0.0048
0.0047
0.0045
0.0044
0.0043
0.0043
0.0041
0.0041
0.004
0.0038
0.0038
0.0038
0.0036
0.0036
0.0036
0.0035
0.0035
0.0034
0.0034
0.0033
0.0033
0.0032
0.0032
0.0032
0.0031
0.0031
0.003
0.003
0.003
0.003
0.0029
0.0029
0.0029
0.0028
0.0028
0.0027
0.0027
0.0027
0.0027
0.0026
0.0026
0.0026
0.0026
0.0026
0.0025
0.0025
0.0025
0.0025
0.0024
0.0024
0.0024
0.0024
0.0024
0.0023
0.0023
0.0023
0.0023
0.0023
0.0023
0.0022
0.0022
0.0022
0.0022
0.0022
0.0021
0.0021
0.0021
0.0021
0.0021
0.0021
0.0021
0.002
0.002
0.002
0.002
0.002
0.002
0.002
0.002
0.002
0.002
0.002
0.002
0.002
0.002
0.002
0.002
0.002
0.002
0.002
0.002
0.002
0.002
0.002
0.002
0.002
0.002
0.002
0.002
0.0019
0.0019
0.0019
0.0019
0.0019
0.0019
0.0019
0.0019
0.0019
0.0019
0.0019
0.0019
0.0019
0.0019
0.0019
0.0019
0.0019
0.0019
0.0019
0.0019
0.0019
0.0019
0.0019
0.0019
0.0019
0.0019
0.0019
0.0019
0.0019
0.0019
0.0019
0.0019
0.0019
0.0019
0.0019
0.0019
0.0019
0.0019
0.0019
0.0019
0.0019
0.0019
0.0019
0.0019
0.0019
0.0019
0.0019
0.0019
0.0019
0.0019
0.0019
0.0019
0.0019
0.0019
0.0019
0.0019
0.0019
0.0019
0.0019
0.0018
0.0018
0.0018
0.0018
0.0018
0.0018
0.0018
0.0018
0.0018
0.0018
0.0018
0.0018
0.0018
0.0018
0.0018
0.0018
0.0018
0.0018
0.0018
0.0018
0.0018
0.0018
0.0018
0.0018
0.0018
0.0018
0.0018
0.0018
0.0018
0.0018
0.0018
0.0018
0.0018
0.0018
0.0018
0.0018
0.0018
0.0018
0.0018
0.0018
0.0018
0.0018
0.0018
0.0018
0.0018
0.0018
0.0018
0.0018
0.0018
0.0018
0.0018
0.0018
0.0018
0.0018
0.0018
0.0018
0.0018
0.0018
0.0018
0.0018
0.0018
0.0018
0.0018
0.0018
0.0018
0.0018
0.0018
0.0018
0.0018
0.0018
0.0018
0.0018
0.0018
0.0018
0.0018
0.0018
0.0018
0.0018
0.0018
0.0018
0.0018
0.0018
0.0018
0.0018
0.0018
0.0018
0.0018
0.0018
0.0018
0.0018
0.0018
0.0018
0.0018
0.0018
0.0018
0.0017
0.0017
0.0017
0.0017
0.0017
0.0017
0.0017
