  26.500         37.56	    18.385
  26.525         34.33	    17.578
  26.550         39.33	    18.815
  26.575         34.89	    17.720
  26.600         39.67	    18.894
  26.625         39.56	    18.868
  26.650         36.44	    18.111
  26.675         39.00	    18.735
  26.700         40.44	    19.079
  26.725         38.22	    18.547
  26.750         39.56	    18.868
  26.775         41.11	    19.235
  26.800         44.11	    19.925
  26.825         39.89	    18.947
  26.850         43.78	    19.849
  26.875         44.22	    19.950
  26.900         51.56	    21.541
  26.925         49.67	    21.142
  26.950         43.78	    19.849
  26.975         45.89	    20.322
  27.000         50.11	    21.237
  27.025         51.22	    21.471
  27.050         50.11	    21.237
  27.075         53.67	    21.977
  27.100         58.67	    22.978
  27.125         61.67	    23.558
  27.150         71.00	    25.278
  27.175         81.89	    27.148
  27.200         91.22	    28.653
  27.225        134.33	    34.771
  27.250        176.44	    39.850
  27.275        174.00	    39.573
  27.300        221.67	    44.665
  27.325        296.44	    51.653
  27.350        458.67	    64.250
  27.375        661.44	    77.156
  27.400        794.11	    84.540
  27.425       1188.44	   103.421
  27.450       1793.00	   127.031
  27.475       2555.67	   151.661
  27.500       2683.89	   155.419
  27.525       3282.89	   171.889
  27.550       3166.00	   168.802
  27.575       2776.67	   158.082
  27.600       2150.67	   139.126
  27.625       1534.33	   117.512
  27.650       1012.11	    95.441
  27.675        580.44	    72.277
  27.700        338.11	    55.163
  27.725        205.67	    43.023
  27.750        153.22	    37.135
  27.775        131.00	    34.337
  27.800        114.11	    32.047
  27.825         94.11	    29.103
  27.850         93.33	    28.983
  27.875         90.11	    28.478
  27.900         82.00	    27.166
  27.925         75.78	    26.115
  27.950         72.78	    25.593
  27.975         69.00	    24.920
  28.000         62.56	    23.728
  28.025         54.11	    22.068
  28.050         50.56	    21.331
  28.075         50.67	    21.354
  28.100         45.89	    20.322
  28.125         45.56	    20.248
  28.150         47.22	    20.616
  28.175         50.00	    21.213
  28.200         47.67	    20.712
  28.225         41.67	    19.365
  28.250         40.22	    19.026
  28.275         40.11	    19.000
  28.300         44.00	    19.900
  28.325         38.33	    18.574
  28.350         43.89	    19.875
  28.375         38.44	    18.601
  28.400         35.44	    17.861
  28.425         39.00	    18.735
  28.450         41.00	    19.209
  28.475         35.00	    17.748
  28.500         38.56	    18.628
  28.525         37.33	    18.330
  28.550         36.89	    18.221
  28.575         34.44	    17.607
  28.600         32.67	    17.146
  28.625         35.33	    17.833
  28.650         37.33	    18.330
  28.675         31.89	    16.941
  28.700         30.67	    16.613
  28.725         29.89	    16.401
  28.750         32.44	    17.088
  28.775         37.00	    18.248
  28.800         28.11	    15.906
  28.825         32.89	    17.205
  28.850         34.33	    17.578
  28.875         33.78	    17.436
  28.900         34.00	    17.493
  28.925         34.22	    17.550
  28.950         32.89	    17.205
  28.975         30.00	    16.432
  29.000         32.78	    17.176
  29.025         28.56	    16.031
  29.050         31.11	    16.733
  29.075         27.78	    15.811
  29.100         29.78	    16.371
  29.125         31.11	    16.733
  29.150         33.44	    17.349
  29.175         31.44	    16.823
  29.200         29.11	    16.186
  29.225         30.00	    16.432
  29.250         33.00	    17.234
  29.275         31.78	    16.912
  29.300         28.22	    15.937
  29.325         29.67	    16.340
  29.350         30.56	    16.583
  29.375         28.44	    16.000
  29.400         29.78	    16.371
  29.425         28.44	    16.000
  29.450         32.44	    17.088
  29.475         29.44	    16.279
  29.500         31.11	    16.733
  29.525         30.22	    16.492
  29.550         31.67	    16.882
  29.575         27.89	    15.843
  29.600         27.56	    15.748
  29.625         29.11	    16.186
  29.650         28.67	    16.062
  29.675         28.56	    16.031
  29.700         29.89	    16.401
  29.725         28.56	    16.031
  29.750         28.00	    15.875
  29.775         27.33	    15.684
  29.800         28.33	    15.969
  29.825         28.44	    16.000
  29.850         28.33	    15.969
  29.875         28.56	    16.031
  29.900         30.56	    16.583
  29.925         27.11	    15.620
  29.950         26.44	    15.427
  29.975         28.67	    16.062
  30.000         28.56	    16.031
  30.025         27.56	    15.748
  30.050         27.89	    15.843
  30.075         30.11	    16.462
  30.100         26.22	    15.362
  30.125         27.78	    15.811
  30.150         28.22	    15.937
  30.175         30.11	    16.462
  30.200         27.00	    15.588
  30.225         27.78	    15.811
  30.250         27.89	    15.843
  30.275         24.11	    14.731
  30.300         26.44	    15.427
  30.325         27.33	    15.684
  30.350         25.89	    15.264
  30.375         26.56	    15.460
  30.400         28.22	    15.937
  30.425         30.33	    16.523
  30.450         27.00	    15.588
  30.475         28.22	    15.937
  30.500         25.44	    15.133
  30.525         27.78	    15.811
  30.550         27.56	    15.748
  30.575         26.67	    15.492
  30.600         24.67	    14.900
  30.625         27.56	    15.748
  30.650         26.67	    15.492
  30.675         23.78	    14.629
  30.700         29.00	    16.155
  30.725         25.44	    15.133
  30.750         25.44	    15.133
  30.775         26.11	    15.330
  30.800         25.89	    15.264
  30.825         26.33	    15.395
  30.850         24.22	    14.765
  30.875         27.22	    15.652
  30.900         22.11	    14.107
  30.925         28.00	    15.875
  30.950         25.78	    15.232
  30.975         27.78	    15.811
  31.000         25.89	    15.264
  31.025         28.67	    16.062
  31.050         26.78	    15.524
  31.075         25.78	    15.232
  31.100         26.44	    15.427
  31.125         25.44	    15.133
  31.150         25.67	    15.199
  31.175         24.11	    14.731
  31.200         24.00	    14.697
  31.225         20.56	    13.601
  31.250         27.00	    15.588
  31.275         27.89	    15.843
  31.300         25.44	    15.133
  31.325         26.56	    15.460
  31.350         23.44	    14.526
  31.375         25.78	    15.232
  31.400         23.33	    14.491
  31.425         26.56	    15.460
  31.450         24.22	    14.765
  31.475         27.11	    15.620
  31.500         24.67	    14.900
  31.525         24.22	    14.765
  31.550         25.44	    15.133
  31.575         25.67	    15.199
  31.600         26.22	    15.362
  31.625         28.11	    15.906
  31.650         25.22	    15.067
  31.675         24.22	    14.765
  31.700         26.11	    15.330
  31.725         25.44	    15.133
  31.750         24.11	    14.731
  31.775         25.11	    15.033
  31.800         26.22	    15.362
  31.825         27.00	    15.588
  31.850         23.22	    14.457
  31.875         26.89	    15.556
  31.900         27.11	    15.620
  31.925         24.33	    14.799
  31.950         22.22	    14.142
  31.975         25.11	    15.033
  32.000         27.33	    15.684
  32.025         22.56	    14.248
  32.050         21.33	    13.856
  32.075         25.89	    15.264
  32.100         22.78	    14.318
  32.125         22.33	    14.177
  32.150         22.67	    14.283
  32.175         22.78	    14.318
  32.200         27.11	    15.620
  32.225         24.78	    14.933
  32.250         25.89	    15.264
  32.275         23.89	    14.663
  32.300         20.78	    13.675
  32.325         25.67	    15.199
  32.350         26.56	    15.460
  32.375         23.00	    14.387
  32.400         21.67	    13.964
  32.425         23.00	    14.387
  32.450         23.56	    14.560
  32.475         24.11	    14.731
  32.500         26.56	    15.460
  32.525         24.67	    14.900
  32.550         22.89	    14.353
  32.575         22.89	    14.353
  32.600         24.11	    14.731
  32.625         24.44	    14.832
  32.650         24.44	    14.832
  32.675         21.89	    14.036
  32.700         22.00	    14.071
  32.725         24.67	    14.900
  32.750         26.11	    15.330
  32.775         20.78	    13.675
  32.800         19.00	    13.077
  32.825         22.33	    14.177
  32.850         24.89	    14.967
  32.875         20.89	    13.711
  32.900         22.22	    14.142
  32.925         22.44	    14.213
  32.950         20.89	    13.711
  32.975         24.33	    14.799
  33.000         24.89	    14.967
  33.025         24.00	    14.697
  33.050         21.78	    14.000
  33.075         24.33	    14.799
  33.100         23.67	    14.595
  33.125         22.33	    14.177
  33.150         23.44	    14.526
  33.175         23.11	    14.422
  33.200         25.11	    15.033
  33.225         20.67	    13.638
  33.250         19.00	    13.077
  33.275         25.22	    15.067
  33.300         22.33	    14.177
  33.325         20.44	    13.565
  33.350         21.33	    13.856
  33.375         20.44	    13.565
  33.400         21.67	    13.964
  33.425         22.00	    14.071
  33.450         22.78	    14.318
  33.475         20.44	    13.565
  33.500         19.89	    13.379
  33.525         21.22	    13.820
  33.550         18.67	    12.961
  33.575         22.11	    14.107
  33.600         23.89	    14.663
  33.625         23.00	    14.387
  33.650         22.33	    14.177
  33.675         23.67	    14.595
  33.700         21.11	    13.784
  33.725         22.33	    14.177
  33.750         21.33	    13.856
  33.775         22.00	    14.071
  33.800         21.67	    13.964
  33.825         20.78	    13.675
  33.850         21.44	    13.892
  33.875         21.00	    13.748
  33.900         24.67	    14.900
  33.925         20.56	    13.601
  33.950         25.44	    15.133
  33.975         23.44	    14.526
  34.000         23.78	    14.629
  34.025         21.56	    13.928
  34.050         18.56	    12.923
  34.075         22.11	    14.107
  34.100         23.78	    14.629
  34.125         20.78	    13.675
  34.150         21.22	    13.820
  34.175         21.22	    13.820
  34.200         24.67	    14.900
  34.225         19.00	    13.077
  34.250         20.44	    13.565
  34.275         21.78	    14.000
  34.300         19.22	    13.153
  34.325         20.33	    13.528
  34.350         19.89	    13.379
  34.375         19.67	    13.304
  34.400         21.44	    13.892
  34.425         21.78	    14.000
  34.450         20.89	    13.711
  34.475         20.22	    13.491
  34.500         23.78	    14.629
  34.525         21.44	    13.892
  34.550         21.33	    13.856
  34.575         18.89	    13.038
  34.600         20.11	    13.454
  34.625         18.56	    12.923
  34.650         18.89	    13.038
  34.675         20.33	    13.528
  34.700         19.56	    13.266
  34.725         22.78	    14.318
  34.750         19.11	    13.115
  34.775         18.00	    12.728
  34.800         21.44	    13.892
  34.825         21.67	    13.964
  34.850         19.67	    13.304
  34.875         19.56	    13.266
  34.900         18.00	    12.728
  34.925         20.89	    13.711
  34.950         21.11	    13.784
  34.975         19.78	    13.342
  35.000         21.11	    13.784
  35.025         20.78	    13.675
  35.050         18.56	    12.923
  35.075         19.67	    13.304
  35.100         19.56	    13.266
  35.125         19.89	    13.379
  35.150         20.22	    13.491
  35.175         19.00	    13.077
  35.200         20.78	    13.675
  35.225         20.33	    13.528
  35.250         21.33	    13.856
  35.275         16.78	    12.288
  35.300         20.00	    13.416
  35.325         21.00	    13.748
  35.350         20.89	    13.711
  35.375         18.67	    12.961
  35.400         18.11	    12.767
  35.425         20.56	    13.601
  35.450         18.78	    13.000
  35.475         21.11	    13.784
  35.500         18.67	    12.961
  35.525         20.33	    13.528
  35.550         17.78	    12.649
  35.575         18.89	    13.038
  35.600         21.67	    13.964
  35.625         20.33	    13.528
  35.650         19.78	    13.342
  35.675         17.78	    12.649
  35.700         19.78	    13.342
  35.725         23.00	    14.387
  35.750         20.00	    13.416
  35.775         18.56	    12.923
  35.800         18.67	    12.961
  35.825         16.44	    12.166
  35.850         20.11	    13.454
  35.875         19.00	    13.077
  35.900         20.00	    13.416
  35.925         19.33	    13.191
  35.950         15.56	    11.832
  35.975         22.00	    14.071
  36.000         19.67	    13.304
  36.025         20.78	    13.675
  36.050         20.11	    13.454
  36.075         20.44	    13.565
  36.100         17.89	    12.689
  36.125         20.67	    13.638
  36.150         19.11	    13.115
  36.175         18.33	    12.845
  36.200         18.89	    13.038
  36.225         21.11	    13.784
  36.250         20.33	    13.528
  36.275         21.89	    14.036
  36.300         17.89	    12.689
  36.325         18.89	    13.038
  36.350         18.11	    12.767
  36.375         21.67	    13.964
  36.400         18.78	    13.000
  36.425         22.00	    14.071
  36.450         16.89	    12.329
  36.475         18.89	    13.038
  36.500         17.00	    12.369
  36.525         21.22	    13.820
  36.550         18.22	    12.806
  36.575         17.89	    12.689
  36.600         19.00	    13.077
  36.625         20.33	    13.528
  36.650         20.67	    13.638
  36.675         16.11	    12.042
  36.700         19.78	    13.342
  36.725         17.78	    12.649
  36.750         20.33	    13.528
  36.775         19.44	    13.229
  36.800         17.89	    12.689
  36.825         17.89	    12.689
  36.850         19.00	    13.077
  36.875         19.89	    13.379
  36.900         17.00	    12.369
  36.925         21.00	    13.748
  36.950         20.11	    13.454
  36.975         16.44	    12.166
  37.000         20.78	    13.675
  37.025         20.56	    13.601
  37.050         19.56	    13.266
  37.075         16.67	    12.247
  37.100         16.67	    12.247
  37.125         16.89	    12.329
  37.150         17.67	    12.610
  37.175         16.56	    12.207
  37.200         19.67	    13.304
  37.225         15.78	    11.916
  37.250         16.33	    12.124
  37.275         18.56	    12.923
  37.300         19.00	    13.077
  37.325         17.33	    12.490
  37.350         18.44	    12.884
  37.375         16.67	    12.247
  37.400         19.33	    13.191
  37.425         18.56	    12.923
  37.450         19.56	    13.266
  37.475         17.89	    12.689
  37.500         17.33	    12.490
  37.525         18.56	    12.923
  37.550         18.11	    12.767
  37.575         17.89	    12.689
  37.600         17.00	    12.369
  37.625         16.22	    12.083
  37.650         18.22	    12.806
  37.675         19.00	    13.077
  37.700         16.44	    12.166
  37.725         17.22	    12.450
  37.750         18.56	    12.923
  37.775         18.44	    12.884
  37.800         19.67	    13.304
  37.825         18.67	    12.961
  37.850         16.78	    12.288
  37.875         14.56	    11.446
  37.900         17.33	    12.490
  37.925         16.33	    12.124
  37.950         18.00	    12.728
  37.975         16.67	    12.247
  38.000         17.56	    12.570
  38.025         17.11	    12.410
  38.050         17.00	    12.369
  38.075         18.78	    13.000
  38.100         16.56	    12.207
  38.125         19.67	    13.304
  38.150         16.22	    12.083
  38.175         17.67	    12.610
  38.200         15.78	    11.916
  38.225         18.56	    12.923
  38.250         20.67	    13.638
  38.275         21.00	    13.748
  38.300         19.11	    13.115
  38.325         21.78	    14.000
  38.350         19.33	    13.191
  38.375         21.00	    13.748
  38.400         19.89	    13.379
  38.425         21.22	    13.820
  38.450         17.67	    12.610
  38.475         19.00	    13.077
  38.500         19.78	    13.342
  38.525         14.11	    11.269
  38.550         18.22	    12.806
  38.575         18.22	    12.806
  38.600         19.44	    13.229
  38.625         16.33	    12.124
  38.650         16.33	    12.124
  38.675         18.67	    12.961
  38.700         18.67	    12.961
  38.725         15.33	    11.747
  38.750         18.33	    12.845
  38.775         15.78	    11.916
  38.800         16.11	    12.042
  38.825         17.22	    12.450
  38.850         17.11	    12.410
  38.875         16.44	    12.166
  38.900         16.56	    12.207
  38.925         15.56	    11.832
  38.950         17.89	    12.689
  38.975         17.33	    12.490
  39.000         18.11	    12.767
  39.025         17.56	    12.570
  39.050         15.44	    11.790
  39.075         16.00	    12.000
  39.100         18.89	    13.038
  39.125         18.78	    13.000
  39.150         17.56	    12.570
  39.175         17.44	    12.530
  39.200         17.67	    12.610
  39.225         17.11	    12.410
  39.250         18.11	    12.767
  39.275         17.44	    12.530
  39.300         16.44	    12.166
  39.325         17.33	    12.490
  39.350         16.44	    12.166
  39.375         18.11	    12.767
  39.400         16.78	    12.288
  39.425         15.89	    11.958
  39.450         17.89	    12.689
  39.475         15.56	    11.832
  39.500         14.89	    11.576
  39.525         16.67	    12.247
  39.550         17.44	    12.530
  39.575         15.33	    11.747
  39.600         15.56	    11.832
  39.625         16.89	    12.329
  39.650         16.11	    12.042
  39.675         17.89	    12.689
  39.700         16.67	    12.247
  39.725         16.11	    12.042
  39.750         15.89	    11.958
  39.775         15.11	    11.662
  39.800         18.00	    12.728
  39.825         16.44	    12.166
  39.850         15.67	    11.874
  39.875         16.44	    12.166
  39.900         17.89	    12.689
  39.925         16.33	    12.124
  39.950         17.33	    12.490
  39.975         15.89	    11.958
  40.000         18.44	    12.884
  40.025         17.78	    12.649
  40.050         17.00	    12.369
  40.075         15.78	    11.916
  40.100         14.00	    11.225
  40.125         16.89	    12.329
  40.150         14.78	    11.533
  40.175         15.56	    11.832
  40.200         15.78	    11.916
  40.225         15.89	    11.958
  40.250         15.22	    11.705
  40.275         17.00	    12.369
  40.300         15.67	    11.874
  40.325         16.67	    12.247
  40.350         15.11	    11.662
  40.375         14.56	    11.446
  40.400         17.33	    12.490
  40.425         17.11	    12.410
  40.450         16.67	    12.247
  40.475         19.11	    13.115
  40.500         17.78	    12.649
  40.525         15.00	    11.619
  40.550         16.67	    12.247
  40.575         15.56	    11.832
  40.600         17.11	    12.410
  40.625         17.11	    12.410
  40.650         18.00	    12.728
  40.675         15.22	    11.705
  40.700         16.89	    12.329
  40.725         16.78	    12.288
  40.750         17.33	    12.490
  40.775         17.00	    12.369
  40.800         16.56	    12.207
  40.825         16.78	    12.288
  40.850         16.22	    12.083
  40.875         17.89	    12.689
  40.900         13.67	    11.091
  40.925         17.78	    12.649
  40.950         17.56	    12.570
  40.975         15.89	    11.958
  41.000         17.56	    12.570
  41.025         18.22	    12.806
  41.050         19.67	    13.304
  41.075         15.78	    11.916
  41.100         17.44	    12.530
  41.125         20.22	    13.491
  41.150         20.33	    13.528
  41.175         19.89	    13.379
  41.200         18.22	    12.806
  41.225         21.11	    13.784
  41.250         18.44	    12.884
  41.275         19.22	    13.153
  41.300         16.89	    12.329
  41.325         18.44	    12.884
  41.350         16.56	    12.207
  41.375         18.11	    12.767
  41.400         17.11	    12.410
  41.425         16.44	    12.166
  41.450         15.89	    11.958
  41.475         20.11	    13.454
  41.500         17.00	    12.369
  41.525         15.11	    11.662
  41.550         16.56	    12.207
  41.575         15.56	    11.832
  41.600         18.78	    13.000
  41.625         17.11	    12.410
  41.650         15.89	    11.958
  41.675         15.11	    11.662
  41.700         18.00	    12.728
  41.725         15.11	    11.662
  41.750         16.22	    12.083
  41.775         13.56	    11.045
  41.800         18.56	    12.923
  41.825         18.44	    12.884
  41.850         16.11	    12.042
  41.875         16.11	    12.042
  41.900         14.56	    11.446
  41.925         14.33	    11.358
  41.950         18.00	    12.728
  41.975         16.44	    12.166
  42.000         14.56	    11.446
  42.025         15.11	    11.662
  42.050         13.78	    11.136
  42.075         17.56	    12.570
  42.100         16.78	    12.288
  42.125         16.78	    12.288
  42.150         16.89	    12.329
  42.175         18.11	    12.767
  42.200         14.56	    11.446
  42.225         17.11	    12.410
  42.250         16.00	    12.000
  42.275         16.89	    12.329
  42.300         18.11	    12.767
  42.325         16.67	    12.247
  42.350         18.00	    12.728
  42.375         17.44	    12.530
  42.400         16.67	    12.247
  42.425         14.67	    11.489
  42.450         17.11	    12.410
  42.475         16.00	    12.000
  42.500         16.67	    12.247
  42.525         17.22	    12.450
  42.550         13.22	    10.909
  42.575         12.89	    10.770
  42.600         15.56	    11.832
  42.625         18.44	    12.884
  42.650         16.44	    12.166
  42.675         13.89	    11.180
  42.700         14.44	    11.402
  42.725         17.89	    12.689
  42.750         17.11	    12.410
  42.775         15.89	    11.958
  42.800         14.89	    11.576
  42.825         12.89	    10.770
  42.850         16.11	    12.042
  42.875         18.56	    12.923
  42.900         18.00	    12.728
  42.925         16.78	    12.288
  42.950         18.78	    13.000
  42.975         18.33	    12.845
  43.000         17.33	    12.490
  43.025         16.00	    12.000
  43.050         16.11	    12.042
  43.075         17.56	    12.570
  43.100         20.56	    13.601
  43.125         16.00	    12.000
  43.150         18.11	    12.767
  43.175         15.22	    11.705
  43.200         17.56	    12.570
  43.225         18.56	    12.923
  43.250         18.00	    12.728
  43.275         15.67	    11.874
  43.300         14.56	    11.446
  43.325         17.33	    12.490
  43.350         14.89	    11.576
  43.375         17.67	    12.610
  43.400         17.00	    12.369
  43.425         14.78	    11.533
  43.450         16.67	    12.247
  43.475         19.11	    13.115
  43.500         15.56	    11.832
  43.525         19.00	    13.077
  43.550         17.78	    12.649
  43.575         17.78	    12.649
  43.600         16.67	    12.247
  43.625         17.44	    12.530
  43.650         20.44	    13.565
  43.675         21.22	    13.820
  43.700         20.33	    13.528
  43.725         21.33	    13.856
  43.750         19.56	    13.266
  43.775         18.44	    12.884
  43.800         18.67	    12.961
  43.825         19.00	    13.077
  43.850         20.22	    13.491
  43.875         18.56	    12.923
  43.900         20.67	    13.638
  43.925         20.44	    13.565
  43.950         19.89	    13.379
  43.975         18.67	    12.961
  44.000         19.78	    13.342
  44.025         21.00	    13.748
  44.050         16.89	    12.329
  44.075         21.56	    13.928
  44.100         18.22	    12.806
  44.125         20.00	    13.416
  44.150         20.11	    13.454
  44.175         18.78	    13.000
  44.200         19.89	    13.379
  44.225         21.78	    14.000
  44.250         21.67	    13.964
  44.275         19.89	    13.379
  44.300         18.89	    13.038
  44.325         24.56	    14.866
  44.350         21.89	    14.036
  44.375         24.44	    14.832
  44.400         21.89	    14.036
  44.425         22.56	    14.248
  44.450         23.33	    14.491
  44.475         23.44	    14.526
  44.500         25.00	    15.000
  44.525         27.89	    15.843
  44.550         26.89	    15.556
  44.575         24.11	    14.731
  44.600         24.22	    14.765
  44.625         27.78	    15.811
  44.650         23.33	    14.491
  44.675         25.78	    15.232
  44.700         22.44	    14.213
  44.725         24.67	    14.900
  44.750         22.78	    14.318
  44.775         24.56	    14.866
  44.800         24.78	    14.933
  44.825         29.00	    16.155
  44.850         27.11	    15.620
  44.875         27.11	    15.620
  44.900         24.56	    14.866
  44.925         23.67	    14.595
  44.950         28.33	    15.969
  44.975         27.00	    15.588
  45.000         28.56	    16.031
  45.025         29.11	    16.186
  45.050         27.22	    15.652
  45.075         31.44	    16.823
  45.100         29.33	    16.248
  45.125         28.67	    16.062
  45.150         34.00	    17.493
  45.175         33.00	    17.234
  45.200         33.00	    17.234
  45.225         33.33	    17.321
  45.250         37.00	    18.248
  45.275         35.44	    17.861
  45.300         40.56	    19.105
  45.325         43.00	    19.672
  45.350         40.44	    19.079
  45.375         45.78	    20.298
  45.400         53.22	    21.886
  45.425         53.56	    21.954
  45.450         60.11	    23.259
  45.475         75.56	    26.077
  45.500         88.44	    28.213
  45.525        115.00	    32.171
  45.550        146.22	    36.277
  45.575        196.11	    42.012
  45.600        273.67	    49.629
  45.625        366.11	    57.402
  45.650        494.33	    66.701
  45.675        778.67	    83.714
  45.700       1101.33	    99.559
  45.725       1536.78	   117.605
  45.750       2674.44	   155.145
  45.775       3222.22	   170.294
  45.800       2762.78	   157.686
  45.825       2888.44	   161.233
  45.850       1859.11	   129.352
  45.875       1823.78	   128.117
  45.900       1604.78	   120.179
  45.925       1293.67	   107.903
  45.950       1067.33	    98.010
  45.975        516.44	    68.176
  46.000        289.11	    51.010
  46.025        174.56	    39.636
  46.050        128.00	    33.941
  46.075        100.33	    30.050
  46.100         84.44	    27.568
  46.125         70.89	    25.259
  46.150         65.11	    24.207
  46.175         59.78	    23.195
  46.200         50.11	    21.237
  46.225         54.00	    22.045
  46.250         47.56	    20.688
  46.275         51.56	    21.541
  46.300         42.78	    19.621
  46.325         45.00	    20.125
  46.350         45.11	    20.149
  46.375         40.67	    19.131
  46.400         42.67	    19.596
  46.425         35.78	    17.944
  46.450         36.11	    18.028
  46.475         35.56	    17.889
  46.500         31.22	    16.763
  46.525         30.44	    16.553
  46.550         30.44	    16.553
  46.575         32.11	    17.000
  46.600         30.11	    16.462
  46.625         28.00	    15.875
  46.650         24.78	    14.933
  46.675         24.22	    14.765
  46.700         25.67	    15.199
  46.725         25.22	    15.067
  46.750         25.44	    15.133
  46.775         25.33	    15.100
  46.800         24.11	    14.731
  46.825         24.11	    14.731
  46.850         21.78	    14.000
  46.875         22.44	    14.213
  46.900         24.67	    14.900
  46.925         21.44	    13.892
  46.950         20.11	    13.454
  46.975         21.22	    13.820
  47.000         18.67	    12.961
  47.025         18.78	    13.000
  47.050         21.89	    14.036
  47.075         17.22	    12.450
  47.100         21.67	    13.964
  47.125         17.44	    12.530
  47.150         19.89	    13.379
  47.175         19.00	    13.077
  47.200         20.78	    13.675
  47.225         17.33	    12.490
  47.250         21.78	    14.000
  47.275         17.78	    12.649
  47.300         20.00	    13.416
  47.325         18.89	    13.038
  47.350         18.56	    12.923
  47.375         16.33	    12.124
  47.400         18.44	    12.884
  47.425         18.56	    12.923
  47.450         20.89	    13.711
  47.475         17.22	    12.450
  47.500         18.89	    13.038
  47.525         16.56	    12.207
  47.550         18.33	    12.845
  47.575         17.33	    12.490
  47.600         18.44	    12.884
  47.625         18.11	    12.767
  47.650         15.56	    11.832
  47.675         17.89	    12.689
  47.700         17.89	    12.689
  47.725         15.89	    11.958
  47.750         18.44	    12.884
  47.775         17.11	    12.410
  47.800         18.00	    12.728
  47.825         17.11	    12.410
  47.850         16.89	    12.329
  47.875         14.00	    11.225
  47.900         18.33	    12.845
  47.925         16.33	    12.124
  47.950         17.78	    12.649
  47.975         16.78	    12.288
  48.000         16.00	    12.000
  48.025         17.67	    12.610
  48.050         16.89	    12.329
  48.075         15.22	    11.705
  48.100         16.67	    12.247
  48.125         14.56	    11.446
  48.150         16.11	    12.042
  48.175         14.89	    11.576
  48.200         17.00	    12.369
  48.225         14.56	    11.446
  48.250         18.11	    12.767
  48.275         17.00	    12.369
  48.300         12.33	    10.536
  48.325         15.00	    11.619
  48.350         16.78	    12.288
  48.375         15.56	    11.832
  48.400         16.78	    12.288
  48.425         13.00	    10.817
  48.450         14.22	    11.314
  48.475         16.33	    12.124
  48.500         15.89	    11.958
  48.525         15.33	    11.747
  48.550         16.67	    12.247
  48.575         16.11	    12.042
  48.600         17.22	    12.450
  48.625         15.22	    11.705
  48.650         18.89	    13.038
  48.675         17.67	    12.610
  48.700         15.44	    11.790
  48.725         16.89	    12.329
  48.750         16.11	    12.042
  48.775         14.56	    11.446
  48.800         18.11	    12.767
  48.825         15.89	    11.958
  48.850         15.22	    11.705
  48.875         15.22	    11.705
  48.900         17.00	    12.369
  48.925         15.11	    11.662
  48.950         15.56	    11.832
  48.975         13.44	    11.000
  49.000         15.22	    11.705
  49.025         15.11	    11.662
  49.050         13.67	    11.091
  49.075         16.22	    12.083
  49.100         14.22	    11.314
  49.125         14.11	    11.269
  49.150         14.56	    11.446
  49.175         13.44	    11.000
  49.200         16.22	    12.083
  49.225         15.33	    11.747
  49.250         17.33	    12.490
  49.275         15.33	    11.747
  49.300         12.22	    10.488
  49.325         14.00	    11.225
  49.350         15.67	    11.874
  49.375         13.33	    10.954
  49.400         15.44	    11.790
  49.425         14.22	    11.314
  49.450         13.33	    10.954
  49.475         14.22	    11.314
  49.500         13.11	    10.863
  49.525         15.33	    11.747
  49.550         14.33	    11.358
  49.575         14.00	    11.225
  49.600         14.56	    11.446
  49.625         12.67	    10.677
  49.650         14.78	    11.533
  49.675         15.00	    11.619
  49.700         16.44	    12.166
  49.725         14.67	    11.489
  49.750         12.78	    10.724
  49.775         14.00	    11.225
  49.800         14.22	    11.314
  49.825         13.67	    11.091
  49.850         13.78	    11.136
  49.875         17.11	    12.410
  49.900         13.56	    11.045
  49.925         14.89	    11.576
  49.950         12.56	    10.630
  49.975         17.00	    12.369
  50.000         13.00	    10.817
  50.025         16.11	    12.042
  50.050         14.11	    11.269
  50.075         11.89	    10.344
  50.100         12.78	    10.724
  50.125         13.44	    11.000
  50.150         13.89	    11.180
  50.175         14.89	    11.576
  50.200         17.11	    12.410
  50.225         14.89	    11.576
  50.250         13.44	    11.000
  50.275         13.33	    10.954
  50.300         15.78	    11.916
  50.325         13.22	    10.909
  50.350         14.56	    11.446
  50.375         14.89	    11.576
  50.400         12.33	    10.536
  50.425         14.56	    11.446
  50.450         14.00	    11.225
  50.475         13.78	    11.136
  50.500         15.00	    11.619
  50.525         14.67	    11.489
  50.550         14.33	    11.358
  50.575         14.67	    11.489
  50.600         14.33	    11.358
  50.625         14.11	    11.269
  50.650         14.56	    11.446
  50.675         16.33	    12.124
  50.700         13.00	    10.817
  50.725         15.56	    11.832
  50.750         14.56	    11.446
  50.775         14.22	    11.314
  50.800         13.44	    11.000
  50.825         12.11	    10.440
  50.850         12.78	    10.724
  50.875         12.22	    10.488
  50.900         14.33	    11.358
  50.925         12.11	    10.440
  50.950         13.22	    10.909
  50.975         14.78	    11.533
  51.000         12.67	    10.677
  51.025         14.56	    11.446
  51.050         11.67	    10.247
  51.075         13.67	    11.091
  51.100         14.56	    11.446
  51.125         12.44	    10.583
  51.150         12.78	    10.724
  51.175         12.78	    10.724
  51.200         14.22	    11.314
  51.225         13.22	    10.909
  51.250         13.67	    11.091
  51.275         13.44	    11.000
  51.300         12.56	    10.630
  51.325         13.44	    11.000
  51.350         11.89	    10.344
  51.375         14.00	    11.225
  51.400         14.00	    11.225
  51.425         12.33	    10.536
  51.450         13.00	    10.817
  51.475         13.89	    11.180
  51.500         12.56	    10.630
  51.525         15.22	    11.705
  51.550         14.89	    11.576
  51.575         15.22	    11.705
  51.600         14.67	    11.489
  51.625         14.67	    11.489
  51.650         12.22	    10.488
  51.675         11.56	    10.198
  51.700         15.33	    11.747
  51.725         13.89	    11.180
  51.750         12.44	    10.583
  51.775         15.00	    11.619
  51.800         14.22	    11.314
  51.825         15.00	    11.619
  51.850         13.78	    11.136
  51.875         15.78	    11.916
  51.900         16.89	    12.329
  51.925         15.44	    11.790
  51.950         11.89	    10.344
  51.975         13.33	    10.954
  52.000         14.56	    11.446
  52.025         13.56	    11.045
  52.050         16.89	    12.329
  52.075         13.78	    11.136
  52.100         13.78	    11.136
  52.125         14.89	    11.576
  52.150         13.89	    11.180
  52.175         15.11	    11.662
  52.200         14.22	    11.314
  52.225         14.56	    11.446
  52.250         13.44	    11.000
  52.275         14.89	    11.576
  52.300         14.33	    11.358
  52.325         15.44	    11.790
  52.350         12.33	    10.536
  52.375         14.89	    11.576
  52.400         13.56	    11.045
  52.425         14.22	    11.314
  52.450         12.89	    10.770
  52.475         10.22	     9.592
  52.500         12.44	    10.583
  52.525         12.22	    10.488
  52.550         14.56	    11.446
  52.575         14.67	    11.489
  52.600         14.67	    11.489
  52.625         16.00	    12.000
  52.650         14.78	    11.533
  52.675         15.11	    11.662
  52.700         13.22	    10.909
  52.725         18.22	    12.806
  52.750         16.11	    12.042
  52.775         14.00	    11.225
  52.800         16.33	    12.124
  52.825         15.89	    11.958
  52.850         14.56	    11.446
  52.875         15.78	    11.916
  52.900         14.56	    11.446
  52.925         12.44	    10.583
  52.950         16.89	    12.329
  52.975         17.22	    12.450
  53.000         14.33	    11.358
  53.025         13.44	    11.000
  53.050         14.11	    11.269
  53.075         16.67	    12.247
  53.100         13.56	    11.045
  53.125         16.00	    12.000
  53.150         13.33	    10.954
  53.175         16.78	    12.288
  53.200         14.78	    11.533
  53.225         16.89	    12.329
  53.250         17.22	    12.450
  53.275         17.33	    12.490
  53.300         17.11	    12.410
  53.325         16.22	    12.083
  53.350         17.89	    12.689
  53.375         16.89	    12.329
  53.400         17.33	    12.490
  53.425         17.22	    12.450
  53.450         17.56	    12.570
  53.475         16.89	    12.329
  53.500         16.56	    12.207
  53.525         20.44	    13.565
  53.550         18.00	    12.728
  53.575         19.78	    13.342
  53.600         23.44	    14.526
  53.625         19.00	    13.077
  53.650         22.22	    14.142
  53.675         22.00	    14.071
  53.700         21.67	    13.964
  53.725         24.11	    14.731
  53.750         25.56	    15.166
  53.775         25.67	    15.199
  53.800         27.22	    15.652
  53.825         28.78	    16.093
  53.850         27.67	    15.780
  53.875         36.78	    18.193
  53.900         37.00	    18.248
  53.925         46.44	    20.445
  53.950         51.33	    21.494
  53.975         63.56	    23.917
  54.000         73.44	    25.710
  53.500         17.56        12.570
  53.525         19.67        13.304
  53.550         19.78        13.342
  53.575         20.56        13.601
  53.600         21.44        13.892
  53.625         23.22        14.457
  53.650         21.11        13.784
  53.675         21.33        13.856
  53.700         20.00        13.416
  53.725         25.11        15.033
  53.750         24.22        14.765
  53.775         23.56        14.560
  53.800         24.89        14.967
  53.825         28.44        16.000
  53.850         30.89        16.673
  53.875         35.33        17.833
  53.900         39.11        18.762
  53.925         45.11        20.149
  53.950         54.67        22.181
  53.975         63.33        23.875
  54.000         75.22        26.019
  54.025         94.56        29.172
  54.050        112.11        31.765
  54.075        137.56        35.185
  54.100        201.44        42.579
  54.125        286.78        50.804
  54.150        450.44        63.671
  54.175        698.89        79.310
  54.200       1068.22        98.051
  54.225       1554.00       118.262
  54.250       1635.44       121.322
  54.275       1455.56       114.455
  54.300       1228.00       105.128
  54.325       1017.33        95.687
  54.350        969.56        93.413
  54.375       1038.33        96.670
  54.400        927.22        91.351
  54.425        763.33        82.885
  54.450        552.78        70.534
  54.475        359.78        56.903
  54.500        234.89        45.978
  54.525        155.33        37.390
  54.550        115.33        32.218
  54.575         91.78        28.740
  54.600         72.67        25.573
  54.625         56.11        22.472
  54.650         47.44        20.664
  54.675         37.00        18.248
  54.700         41.33        19.287
  54.725         33.11        17.263
  54.750         36.44        18.111
  54.775         33.78        17.436
  54.800         29.22        16.217
  54.825         27.44        15.716
  54.850         29.89        16.401
  54.875         26.11        15.330
  54.900         25.89        15.264
  54.925         26.11        15.330
  54.950         25.22        15.067
  54.975         25.00        15.000
  55.000         27.11        15.620
