  53.500         17.56     12.570
  53.525         19.67     13.304
  53.550         19.78     13.342
  53.575         20.56     13.601
  53.600         21.44     13.892
  53.625         23.22     14.457
  53.650         21.11     13.784
  53.675         21.33     13.856
  53.700         20.00     13.416
  53.725         25.11     15.033
  53.750         24.22     14.765
  53.775         23.56     14.560
  53.800         24.89     14.967
  53.825         28.44     16.000
  53.850         30.89     16.673
  53.875         35.33     17.833
  53.900         39.11     18.762
  53.925         45.11     20.149
  53.950         54.67     22.181
  53.975         63.33     23.875
  54.000         75.22     26.019
  54.025         94.56     29.172
  54.050        112.11     31.765
  54.075        137.56     35.185
  54.100        201.44     42.579
  54.125        286.78     50.804
  54.150        450.44     63.671
  54.175        698.89     79.310
  54.200       1068.22     98.051
  54.225       1554.00    118.262
  54.250       1635.44    121.322
  54.275       1455.56    114.455
  54.300       1228.00    105.128
  54.325       1017.33     95.687
  54.350        969.56     93.413
  54.375       1038.33     96.670
  54.400        927.22     91.351
  54.425        763.33     82.885
  54.450        552.78     70.534
  54.475        359.78     56.903
  54.500        234.89     45.978
  54.525        155.33     37.390
  54.550        115.33     32.218
  54.575         91.78     28.740
  54.600         72.67     25.573
  54.625         56.11     22.472
  54.650         47.44     20.664
  54.675         37.00     18.248
  54.700         41.33     19.287
  54.725         33.11     17.263
  54.750         36.44     18.111
  54.775         33.78     17.436
  54.800         29.22     16.217
  54.825         27.44     15.716
  54.850         29.89     16.401
  54.875         26.11     15.330
  54.900         25.89     15.264
  54.925         26.11     15.330
  54.950         25.22     15.067
  54.975         25.00     15.000
  55.000         27.11     15.620
