  27.000        124.56	    33.481
  27.025        184.00	    40.694
  27.050        295.44	    51.565
  27.075        238.78	    46.357
  27.100        311.33	    52.934
  27.125        322.11	    53.842
  27.150        404.67	    60.349
  27.175        991.56	    94.467
  27.200       2075.11	   136.660
  27.225       2155.33	   139.277
  27.250       3249.44	   171.012
  27.275       1527.00	   117.231
  27.300       1548.89	   118.068
  27.325       1165.33	   102.411
  27.350        273.56	    49.619
  27.375        131.33	    34.380
  27.400         98.67	    29.799
  27.425         74.78	    25.942
  27.450         67.44	    24.637
  27.475         61.56	    23.537
  27.500         54.33	    22.113
  27.525         51.56	    21.541
  27.550         55.44	    22.338
  27.575         47.11	    20.591
  27.600         47.78	    20.736
  27.625         43.11	    19.698
  27.650         42.22	    19.494
  27.675         42.33	    19.519
  27.700         41.78	    19.391
  27.725         39.00	    18.735
  27.750         41.00	    19.209
  27.775         38.89	    18.708
  27.800         38.56	    18.628
  27.825         34.56	    17.635
  27.850         35.78	    17.944
  27.875         37.67	    18.412
  27.900         33.89	    17.464
  27.925         39.67	    18.894
  27.950         35.22	    17.804
  27.975         34.44	    17.607
  28.000         32.22	    17.029
  28.025         35.00	    17.748
  28.050         30.78	    16.643
  28.075         32.89	    17.205
  28.100         31.33	    16.793
  28.125         31.56	    16.852
  28.150         29.78	    16.371
  28.175         30.67	    16.613
  28.200         32.33	    17.059
  28.225         31.56	    16.852
  28.250         31.67	    16.882
  28.275         32.56	    17.117
  28.300         30.22	    16.492
  28.325         31.11	    16.733
  28.350         28.22	    15.937
  28.375         28.00	    15.875
  28.400         35.56	    17.889
  28.425         28.89	    16.125
  28.450         27.56	    15.748
  28.475         33.22	    17.292
  28.500         31.11	    16.733
  28.525         33.00	    17.234
  28.550         29.89	    16.401
  28.575         29.44	    16.279
  28.600         29.33	    16.248
  28.625         27.33	    15.684
  28.650         28.89	    16.125
  28.675         28.33	    15.969
  28.700         28.67	    16.062
  28.725         24.44	    14.832
  28.750         27.22	    15.652
  28.775         25.89	    15.264
  28.800         27.33	    15.684
  28.825         27.44	    15.716
  28.850         28.22	    15.937
  28.875         26.33	    15.395
  28.900         25.56	    15.166
  28.925         28.22	    15.937
  28.950         27.22	    15.652
  28.975         24.11	    14.731
  29.000         26.00	    15.297
  29.025         28.11	    15.906
  29.050         26.33	    15.395
  29.075         27.00	    15.588
  29.100         27.56	    15.748
  29.125         27.11	    15.620
  29.150         26.00	    15.297
  29.175         25.56	    15.166
  29.200         29.89	    16.401
  29.225         25.00	    15.000
  29.250         27.00	    15.588
  29.275         27.00	    15.588
  29.300         27.00	    15.588
  29.325         28.11	    15.906
  29.350         27.56	    15.748
  29.375         28.22	    15.937
  29.400         26.22	    15.362
  29.425         27.11	    15.620
  29.450         25.78	    15.232
  29.475         26.78	    15.524
  29.500         29.22	    16.217
  29.525         26.67	    15.492
  29.550         26.00	    15.297
  29.575         25.11	    15.033
  29.600         25.89	    15.264
  29.625         28.56	    16.031
  29.650         24.67	    14.900
  29.675         24.22	    14.765
  29.700         26.33	    15.395
  29.725         24.44	    14.832
  29.750         26.11	    15.330
  29.775         22.33	    14.177
  29.800         24.78	    14.933
  29.825         22.78	    14.318
  29.850         25.22	    15.067
  29.875         25.11	    15.033
  29.900         24.56	    14.866
  29.925         23.33	    14.491
  29.950         24.33	    14.799
  29.975         21.89	    14.036
  30.000         21.00	    13.748
  30.025         24.78	    14.933
  30.050         23.00	    14.387
  30.075         25.78	    15.232
  30.100         24.33	    14.799
  30.125         25.89	    15.264
  30.150         24.56	    14.866
  30.175         22.89	    14.353
  30.200         25.22	    15.067
  30.225         25.22	    15.067
  30.250         23.00	    14.387
  30.275         22.89	    14.353
  30.300         22.11	    14.107
  30.325         24.89	    14.967
  30.350         21.67	    13.964
  30.375         22.11	    14.107
  30.400         23.67	    14.595
  30.425         21.33	    13.856
  30.450         24.44	    14.832
  30.475         24.44	    14.832
  30.500         24.44	    14.832
  30.525         20.22	    13.491
  30.550         24.11	    14.731
  30.575         26.00	    15.297
  30.600         24.00	    14.697
  30.625         23.00	    14.387
  30.650         22.22	    14.142
  30.675         23.11	    14.422
  30.700         24.44	    14.832
  30.725         23.89	    14.663
  30.750         22.89	    14.353
  30.775         27.00	    15.588
  30.800         26.22	    15.362
  30.825         23.11	    14.422
  30.850         24.67	    14.900
  30.875         23.33	    14.491
  30.900         25.00	    15.000
  30.925         25.89	    15.264
  30.950         23.67	    14.595
  30.975         22.22	    14.142
  31.000         24.22	    14.765
  31.025         23.67	    14.595
  31.050         20.89	    13.711
  31.075         22.89	    14.353
  31.100         27.44	    15.716
  31.125         21.89	    14.036
  31.150         21.33	    13.856
  31.175         24.44	    14.832
  31.200         23.78	    14.629
  31.225         22.00	    14.071
  31.250         25.56	    15.166
  31.275         21.33	    13.856
  31.300         26.67	    15.492
  31.325         25.78	    15.232
  31.350         29.33	    16.248
  31.375         26.89	    15.556
  31.400         31.33	    16.793
  31.425         27.22	    15.652
  31.450         28.44	    16.000
  31.475         34.78	    17.692
  31.500         34.67	    17.664
  31.525         42.33	    19.519
  31.550         39.89	    18.947
  31.575         40.56	    19.105
  31.600         34.56	    17.635
  31.625         39.33	    18.815
  31.650         35.00	    17.748
  31.675         30.89	    16.673
  31.700         31.11	    16.733
  31.725         27.67	    15.780
  31.750         30.33	    16.523
  31.775         30.89	    16.673
  31.800         30.11	    16.462
  31.825         27.11	    15.620
  31.850         29.67	    16.340
  31.875         28.33	    15.969
  31.900         27.11	    15.620
  31.925         23.78	    14.629
  31.950         26.22	    15.362
  31.975         25.56	    15.166
  32.000         27.22	    15.652
  32.025         26.44	    15.427
  32.050         22.78	    14.318
  32.075         23.78	    14.629
  32.100         24.67	    14.900
  32.125         23.67	    14.595
  32.150         26.00	    15.297
  32.175         23.89	    14.663
  32.200         23.11	    14.422
  32.225         24.44	    14.832
  32.250         23.33	    14.491
  32.275         20.33	    13.528
  32.300         23.00	    14.387
  32.325         21.56	    13.928
  32.350         22.33	    14.177
  32.375         22.78	    14.318
  32.400         23.67	    14.595
  32.425         24.11	    14.731
  32.450         20.89	    13.711
  32.475         21.67	    13.964
  32.500         24.22	    14.765
  32.525         22.78	    14.318
  32.550         23.44	    14.526
  32.575         21.67	    13.964
  32.600         18.22	    12.806
  32.625         20.00	    13.416
  32.650         20.00	    13.416
  32.675         21.33	    13.856
  32.700         21.33	    13.856
  32.725         23.11	    14.422
  32.750         21.11	    13.784
  32.775         22.00	    14.071
  32.800         22.78	    14.318
  32.825         22.78	    14.318
  32.850         21.22	    13.820
  32.875         19.00	    13.077
  32.900         21.89	    14.036
  32.925         21.11	    13.784
  32.950         19.78	    13.342
  32.975         23.22	    14.457
  33.000         19.67	    13.304
  33.025         21.56	    13.928
  33.050         20.44	    13.565
  33.075         20.00	    13.416
  33.100         20.67	    13.638
  33.125         20.33	    13.528
  33.150         19.22	    13.153
  33.175         18.56	    12.923
  33.200         22.33	    14.177
  33.225         18.78	    13.000
  33.250         22.33	    14.177
  33.275         20.11	    13.454
  33.300         19.22	    13.153
  33.325         17.11	    12.410
  33.350         22.67	    14.283
  33.375         21.22	    13.820
  33.400         22.11	    14.107
  33.425         21.78	    14.000
  33.450         22.89	    14.353
  33.475         20.44	    13.565
  33.500         18.78	    13.000
  33.525         19.33	    13.191
  33.550         21.78	    14.000
  33.575         20.78	    13.675
  33.600         21.22	    13.820
  33.625         19.56	    13.266
  33.650         16.44	    12.166
  33.675         17.33	    12.490
  33.700         20.33	    13.528
  33.725         22.89	    14.353
  33.750         21.78	    14.000
  33.775         22.22	    14.142
  33.800         18.78	    13.000
  33.825         22.11	    14.107
  33.850         18.22	    12.806
  33.875         22.44	    14.213
  33.900         20.00	    13.416
  33.925         22.78	    14.318
  33.950         21.44	    13.892
  33.975         22.56	    14.248
  34.000         21.22	    13.820
  34.025         19.11	    13.115
  34.050         22.89	    14.353
  34.075         19.22	    13.153
  34.100         22.67	    14.283
  34.125         21.89	    14.036
  34.150         23.67	    14.595
  34.175         23.56	    14.560
  34.200         23.00	    14.387
  34.225         23.56	    14.560
  34.250         21.56	    13.928
  34.275         25.67	    15.199
  34.300         25.11	    15.033
  34.325         23.56	    14.560
  34.350         22.44	    14.213
  34.375         22.11	    14.107
  34.400         24.00	    14.697
  34.425         24.89	    14.967
  34.450         24.00	    14.697
  34.475         22.78	    14.318
  34.500         25.89	    15.264
  34.525         22.56	    14.248
  34.550         23.67	    14.595
  34.575         22.78	    14.318
  34.600         20.89	    13.711
  34.625         22.67	    14.283
  34.650         22.67	    14.283
  34.675         20.22	    13.491
  34.700         22.22	    14.142
  34.725         16.22	    12.083
  34.750         23.89	    14.663
  34.775         18.67	    12.961
  34.800         20.33	    13.528
  34.825         20.33	    13.528
  34.850         22.56	    14.248
  34.875         17.78	    12.649
  34.900         19.33	    13.191
  34.925         20.78	    13.675
  34.950         21.22	    13.820
  34.975         19.22	    13.153
  35.000         17.78	    12.649
  35.025         18.67	    12.961
  35.050         17.78	    12.649
  35.075         18.78	    13.000
  35.100         18.67	    12.961
  35.125         20.67	    13.638
  35.150         19.67	    13.304
  35.175         17.00	    12.369
  35.200         17.44	    12.530
  35.225         17.22	    12.450
  35.250         18.44	    12.884
  35.275         19.44	    13.229
  35.300         18.00	    12.728
  35.325         16.22	    12.083
  35.350         21.22	    13.820
  35.375         18.78	    13.000
  35.400         19.11	    13.115
  35.425         18.33	    12.845
  35.450         19.89	    13.379
  35.475         20.78	    13.675
  35.500         22.11	    14.107
  35.525         19.33	    13.191
  35.550         19.22	    13.153
  35.575         20.11	    13.454
  35.600         19.56	    13.266
  35.625         20.67	    13.638
  35.650         20.78	    13.675
  35.675         21.11	    13.784
  35.700         22.00	    14.071
  35.725         22.00	    14.071
  35.750         21.78	    14.000
  35.775         20.78	    13.675
  35.800         21.44	    13.892
  35.825         19.67	    13.304
  35.850         24.44	    14.832
  35.875         22.78	    14.318
  35.900         24.56	    14.866
  35.925         24.56	    14.866
  35.950         23.33	    14.491
  35.975         25.11	    15.033
  36.000         24.44	    14.832
  36.025         24.89	    14.967
  36.050         24.22	    14.765
  36.075         24.22	    14.765
  36.100         30.78	    16.643
  36.125         29.78	    16.371
  36.150         28.00	    15.875
  36.175         27.78	    15.811
  36.200         32.67	    17.146
  36.225         27.89	    15.843
  36.250         28.22	    15.937
  36.275         26.89	    15.556
  36.300         31.89	    16.941
  36.325         23.11	    14.422
  36.350         23.67	    14.595
  36.375         25.33	    15.100
  36.400         24.22	    14.765
  36.425         23.33	    14.491
  36.450         24.44	    14.832
  36.475         22.00	    14.071
  36.500         22.89	    14.353
  36.525         20.11	    13.454
  36.550         22.56	    14.248
  36.575         22.67	    14.283
  36.600         31.89	    16.941
  36.625         29.22	    16.217
  36.650         20.00	    13.416
  36.675         18.78	    13.000
  36.700         21.67	    13.964
  36.725         19.00	    13.077
  36.750         18.78	    13.000
  36.775         16.78	    12.288
  36.800         19.00	    13.077
  36.825         18.11	    12.767
  36.850         17.56	    12.570
  36.875         19.22	    13.153
  36.900         19.00	    13.077
  36.925         18.67	    12.961
  36.950         18.33	    12.845
  36.975         15.78	    11.916
  37.000         15.78	    11.916
  37.025         16.22	    12.083
  37.050         14.22	    11.314
  37.075         12.78	    10.724
  37.100         16.11	    12.042
  37.125         18.22	    12.806
  37.150         18.22	    12.806
  37.175         18.00	    12.728
  37.200         16.00	    12.000
  37.225         16.00	    12.000
  37.250         16.89	    12.329
  37.275         16.33	    12.124
  37.300         17.11	    12.410
  37.325         16.89	    12.329
  37.350         14.78	    11.533
  37.375         18.44	    12.884
  37.400         17.22	    12.450
  37.425         16.44	    12.166
  37.450         15.44	    11.790
  37.475         15.11	    11.662
  37.500         16.67	    12.247
  37.525         13.89	    11.180
  37.550         16.22	    12.083
  37.575         17.44	    12.530
  37.600         16.67	    12.247
  37.625         15.33	    11.747
  37.650         14.11	    11.269
  37.675         16.44	    12.166
  37.700         15.00	    11.619
  37.725         17.00	    12.369
  37.750         16.78	    12.288
  37.775         13.78	    11.136
  37.800         15.22	    11.705
  37.825         15.89	    11.958
  37.850         15.89	    11.958
  37.875         15.67	    11.874
  37.900         17.89	    12.689
  37.925         14.33	    11.358
  37.950         14.33	    11.358
  37.975         14.56	    11.446
  38.000         15.67	    11.874
  38.025         12.89	    10.770
  38.050         14.67	    11.489
  38.075         16.44	    12.166
  38.100         15.22	    11.705
  38.125         14.33	    11.358
  38.150         14.78	    11.533
  38.175         15.33	    11.747
  38.200         14.33	    11.358
  38.225         12.33	    10.536
  38.250         16.78	    12.288
  38.275         16.67	    12.247
  38.300         17.56	    12.570
  38.325         20.33	    13.528
  38.350         20.56	    13.601
  38.375         20.22	    13.491
  38.400         15.56	    11.832
  38.425         19.44	    13.229
  38.450         16.89	    12.329
  38.475         13.56	    11.045
  38.500         17.56	    12.570
  38.525         15.00	    11.619
  38.550         15.44	    11.790
  38.575         13.67	    11.091
  38.600         15.22	    11.705
  38.625         16.22	    12.083
  38.650         14.11	    11.269
  38.675         17.56	    12.570
  38.700         12.67	    10.677
  38.725         14.00	    11.225
  38.750         14.78	    11.533
  38.775         15.67	    11.874
  38.800         15.67	    11.874
  38.825         15.89	    11.958
  38.850         15.44	    11.790
  38.875         15.33	    11.747
  38.900         13.44	    11.000
  38.925         14.67	    11.489
  38.950         15.89	    11.958
  38.975         15.00	    11.619
  39.000         14.56	    11.446
  39.025         14.22	    11.314
  39.050         14.00	    11.225
  39.075         15.89	    11.958
  39.100         14.89	    11.576
  39.125         16.67	    12.247
  39.150         15.11	    11.662
  39.175         16.44	    12.166
  39.200         16.78	    12.288
  39.225         14.22	    11.314
  39.250         14.89	    11.576
  39.275         12.44	    10.583
  39.300         15.78	    11.916
  39.325         14.11	    11.269
  39.350         14.78	    11.533
  39.375         12.11	    10.440
  39.400         15.00	    11.619
  39.425         13.78	    11.136
  39.450         14.11	    11.269
  39.475         15.44	    11.790
  39.500         14.67	    11.489
  39.525         17.56	    12.570
  39.550         12.89	    10.770
  39.575         15.33	    11.747
  39.600         13.00	    10.817
  39.625         15.89	    11.958
  39.650         13.67	    11.091
  39.675         14.33	    11.358
  39.700         11.89	    10.344
  39.725         13.44	    11.000
  39.750         15.11	    11.662
  39.775         11.00	     9.950
  39.800         13.00	    10.817
  39.825         13.00	    10.817
  39.850         13.11	    10.863
  39.875         12.56	    10.630
  39.900         13.11	    10.863
  39.925         12.56	    10.630
  39.950         13.22	    10.909
  39.975         15.33	    11.747
  40.000         14.78	    11.533
  40.025         12.22	    10.488
  40.050         11.78	    10.296
  40.075         13.89	    11.180
  40.100         11.89	    10.344
  40.125         14.33	    11.358
  40.150         14.44	    11.402
  40.175         12.33	    10.536
  40.200         14.56	    11.446
  40.225         13.22	    10.909
  40.250         12.78	    10.724
  40.275         12.78	    10.724
  40.300         12.11	    10.440
  40.325         15.44	    11.790
  40.350         13.11	    10.863
  40.375         13.67	    11.091
  40.400         13.89	    11.180
  40.425         14.22	    11.314
  40.450         12.44	    10.583
  40.475         13.78	    11.136
  40.500         12.78	    10.724
  40.525         14.67	    11.489
  40.550         14.56	    11.446
  40.575         15.89	    11.958
  40.600         13.56	    11.045
  40.625         15.89	    11.958
  40.650         14.44	    11.402
  40.675         15.00	    11.619
  40.700         13.56	    11.045
  40.725         14.44	    11.402
  40.750         14.89	    11.576
  40.775         14.89	    11.576
  40.800         14.67	    11.489
  40.825         12.11	    10.440
  40.850         13.78	    11.136
  40.875         12.00	    10.392
  40.900         11.78	    10.296
  40.925         12.78	    10.724
  40.950         13.00	    10.817
  40.975         14.33	    11.358
  41.000         14.44	    11.402
  41.025         13.11	    10.863
  41.050         13.78	    11.136
  41.075         13.00	    10.817
  41.100         11.56	    10.198
  41.125         12.78	    10.724
  41.150         13.22	    10.909
  41.175         10.78	     9.849
  41.200         12.33	    10.536
  41.225         12.00	    10.392
  41.250         13.11	    10.863
  41.275         14.78	    11.533
  41.300         13.56	    11.045
  41.325         10.11	     9.539
  41.350         14.78	    11.533
  41.375         12.33	    10.536
  41.400         13.89	    11.180
  41.425         12.67	    10.677
  41.450         14.44	    11.402
  41.475         12.22	    10.488
  41.500         15.00	    11.619
  41.525         13.11	    10.863
  41.550         12.89	    10.770
  41.575         12.67	    10.677
  41.600         13.78	    11.136
  41.625         14.78	    11.533
  41.650         13.11	    10.863
  41.675         13.89	    11.180
  41.700         14.00	    11.225
  41.725         15.67	    11.874
  41.750         12.11	    10.440
  41.775         12.33	    10.536
  41.800         13.56	    11.045
  41.825         11.67	    10.247
  41.850         13.67	    11.091
  41.875         14.44	    11.402
  41.900         13.67	    11.091
  41.925         14.22	    11.314
  41.950         15.11	    11.662
  41.975         12.89	    10.770
  42.000         10.78	     9.849
  42.025         14.22	    11.314
  42.050         11.67	    10.247
  42.075         13.11	    10.863
  42.100         15.78	    11.916
  42.125         11.44	    10.149
  42.150         13.44	    11.000
  42.175         11.67	    10.247
  42.200         12.33	    10.536
  42.225         12.89	    10.770
  42.250         12.33	    10.536
  42.275         13.11	    10.863
  42.300         12.44	    10.583
  42.325         13.33	    10.954
  42.350         11.56	    10.198
  42.375         11.11	    10.000
  42.400         16.00	    12.000
  42.425         12.67	    10.677
  42.450         12.44	    10.583
  42.475         16.44	    12.166
  42.500         14.22	    11.314
  42.525         12.67	    10.677
  42.550         13.22	    10.909
  42.575         15.56	    11.832
  42.600         15.00	    11.619
  42.625         13.00	    10.817
  42.650         12.56	    10.630
  42.675         14.33	    11.358
  42.700         13.44	    11.000
  42.725         15.33	    11.747
  42.750         10.22	     9.592
  42.775         12.22	    10.488
  42.800         15.33	    11.747
  42.825         11.89	    10.344
  42.850         10.78	     9.849
  42.875         12.89	    10.770
  42.900         13.11	    10.863
  42.925         13.33	    10.954
  42.950         11.89	    10.344
  42.975         13.56	    11.045
  43.000         13.11	    10.863
  43.025         13.22	    10.909
  43.050         14.44	    11.402
  43.075         11.67	    10.247
  43.100         16.00	    12.000
  43.125         14.22	    11.314
  43.150         14.78	    11.533
  43.175         14.11	    11.269
  43.200         13.33	    10.954
  43.225         15.44	    11.790
  43.250         16.11	    12.042
  43.275         12.56	    10.630
  43.300         15.00	    11.619
  43.325         14.89	    11.576
  43.350         11.00	     9.950
  43.375         14.89	    11.576
  43.400         14.22	    11.314
  43.425         12.22	    10.488
  43.450         14.00	    11.225
  43.475         12.44	    10.583
  43.500         13.78	    11.136
  43.525         14.33	    11.358
  43.550         14.56	    11.446
  43.575         12.44	    10.583
  43.600         11.78	    10.296
  43.625         14.67	    11.489
  43.650         15.78	    11.916
  43.675         14.44	    11.402
  43.700         14.22	    11.314
  43.725         13.78	    11.136
  43.750         12.89	    10.770
  43.775         12.00	    10.392
  43.800         16.44	    12.166
  43.825         12.33	    10.536
  43.850         15.00	    11.619
  43.875         16.89	    12.329
  43.900         16.89	    12.329
  43.925         14.44	    11.402
  43.950         14.22	    11.314
  43.975         16.11	    12.042
  44.000         15.11	    11.662
  44.025         13.11	    10.863
  44.050         17.22	    12.450
  44.075         16.00	    12.000
  44.100         16.11	    12.042
  44.125         15.33	    11.747
  44.150         15.89	    11.958
  44.175         13.11	    10.863
  44.200         14.44	    11.402
  44.225         16.33	    12.124
  44.250         16.78	    12.288
  44.275         15.78	    11.916
  44.300         19.22	    13.153
  44.325         18.11	    12.767
  44.350         19.11	    13.115
  44.375         17.00	    12.369
  44.400         19.56	    13.266
  44.425         19.22	    13.153
  44.450         23.22	    14.457
  44.475         23.56	    14.560
  44.500         23.11	    14.422
  44.525         23.33	    14.491
  44.550         21.67	    13.964
  44.575         20.00	    13.416
  44.600         22.78	    14.318
  44.625         22.89	    14.353
  44.650         24.22	    14.765
  44.675         24.11	    14.731
  44.700         19.89	    13.379
  44.725         21.33	    13.856
  44.750         23.33	    14.491
  44.775         20.56	    13.601
  44.800         25.33	    15.100
  44.825         26.22	    15.362
  44.850         27.11	    15.620
  44.875         28.56	    16.031
  44.900         33.67	    17.407
  44.925         45.22	    20.174
  44.950         47.44	    20.664
  44.975         58.78	    23.000
  45.000         67.44	    24.637
  45.025         95.89	    29.377
  45.050        216.33	    44.125
  45.075        664.56	    77.337
  45.100        732.00	    81.166
  45.125       1393.89	   112.004
  45.150       1442.67	   113.947
  45.175       1001.22	    94.926
  45.200       1179.67	   103.039
  45.225        765.33	    82.994
  45.250       1070.00	    98.133
  45.275        730.00	    81.056
  45.300        487.00	    66.204
  45.325        341.00	    55.399
  45.350        201.67	    42.603
  45.375        139.67	    35.454
  45.400         90.11	    28.478
  45.425         64.78	    24.145
  45.450         51.00	    21.424
  45.475         45.00	    20.125
  45.500         38.78	    18.682
  45.525         33.89	    17.464
  45.550         25.33	    15.100
  45.575         26.78	    15.524
  45.600         25.22	    15.067
  45.625         23.22	    14.457
  45.650         22.89	    14.353
  45.675         21.89	    14.036
  45.700         23.78	    14.629
  45.725         25.11	    15.033
  45.750         25.89	    15.264
  45.775         23.22	    14.457
  45.800         23.67	    14.595
  45.825         22.67	    14.283
  45.850         21.33	    13.856
  45.875         23.89	    14.663
  45.900         19.67	    13.304
  45.925         17.56	    12.570
  45.950         19.78	    13.342
  45.975         19.67	    13.304
  46.000         17.67	    12.610
  46.025         16.89	    12.329
  46.050         17.22	    12.450
  46.075         19.00	    13.077
  46.100         18.89	    13.038
  46.125         17.89	    12.689
  46.150         17.78	    12.649
  46.175         16.44	    12.166
  46.200         15.22	    11.705
  46.225         15.67	    11.874
  46.250         16.56	    12.207
  46.275         17.44	    12.530
  46.300         16.11	    12.042
  46.325         14.78	    11.533
  46.350         14.22	    11.314
  46.375         17.44	    12.530
  46.400         14.67	    11.489
  46.425         16.22	    12.083
  46.450         14.33	    11.358
  46.475         15.89	    11.958
  46.500         16.89	    12.329
  46.525         14.11	    11.269
  46.550         15.33	    11.747
  46.575         14.33	    11.358
  46.600         13.56	    11.045
  46.625         15.78	    11.916
  46.650         15.44	    11.790
  46.675         16.78	    12.288
  46.700         16.78	    12.288
  46.725         14.00	    11.225
  46.750         14.67	    11.489
  46.775         17.78	    12.649
  46.800         13.56	    11.045
  46.825         13.44	    11.000
  46.850         15.33	    11.747
  46.875         15.11	    11.662
  46.900         17.44	    12.530
  46.925         13.44	    11.000
  46.950         15.11	    11.662
  46.975         13.22	    10.909
  47.000         12.33	    10.536
  47.025         16.00	    12.000
  47.050         10.56	     9.747
  47.075         15.89	    11.958
  47.100         17.00	    12.369
  47.125         12.56	    10.630
  47.150         16.22	    12.083
  47.175         18.44	    12.884
  47.200         14.00	    11.225
  47.225         16.89	    12.329
  47.250         14.33	    11.358
  47.275         15.11	    11.662
  47.300         16.22	    12.083
  47.325         15.56	    11.832
  47.350         13.56	    11.045
  47.375         15.44	    11.790
  47.400         15.56	    11.832
  47.425         14.89	    11.576
  47.450         17.89	    12.689
  47.475         18.11	    12.767
  47.500         15.56	    11.832
  47.525         19.56	    13.266
  47.550         20.33	    13.528
  47.575         16.56	    12.207
  47.600         16.44	    12.166
  47.625         16.11	    12.042
  47.650         17.56	    12.570
  47.675         15.67	    11.874
  47.700         13.67	    11.091
  47.725         14.78	    11.533
  47.750         14.78	    11.533
  47.775         13.67	    11.091
  47.800         17.00	    12.369
  47.825         11.33	    10.100
  47.850         13.33	    10.954
  47.875         13.67	    11.091
  47.900         13.11	    10.863
  47.925         13.56	    11.045
  47.950         14.89	    11.576
  47.975         13.11	    10.863
  48.000         14.44	    11.402
  48.025         13.44	    11.000
  48.050         14.33	    11.358
  48.075         13.00	    10.817
  48.100         15.11	    11.662
  48.125         13.44	    11.000
  48.150         13.00	    10.817
  48.175         13.44	    11.000
  48.200         12.56	    10.630
  48.225         13.44	    11.000
  48.250         13.11	    10.863
  48.275         13.89	    11.180
  48.300         11.67	    10.247
  48.325         13.56	    11.045
  48.350         13.22	    10.909
  48.375         12.78	    10.724
  48.400         11.11	    10.000
  48.425         12.78	    10.724
  48.450         11.78	    10.296
  48.475         13.00	    10.817
  48.500         13.11	    10.863
  48.525         12.56	    10.630
  48.550         11.78	    10.296
  48.575         12.33	    10.536
  48.600         12.22	    10.488
  48.625         12.22	    10.488
  48.650         11.89	    10.344
  48.675         12.78	    10.724
  48.700         14.89	    11.576
  48.725         12.67	    10.677
  48.750         11.89	    10.344
  48.775         13.78	    11.136
  48.800         12.56	    10.630
  48.825         12.11	    10.440
  48.850         11.00	     9.950
  48.875         11.78	    10.296
  48.900         12.89	    10.770
  48.925         11.67	    10.247
  48.950         12.67	    10.677
  48.975         12.78	    10.724
  49.000         12.78	    10.724
  49.025         10.78	     9.849
  49.050         12.56	    10.630
  49.075          9.56	     9.274
  49.100         12.33	    10.536
  49.125         13.44	    11.000
  49.150         11.44	    10.149
  49.175         11.22	    10.050
  49.200         11.78	    10.296
  49.225         11.33	    10.100
  49.250         13.11	    10.863
  49.275         11.44	    10.149
  49.300         11.22	    10.050
  49.325         12.33	    10.536
  49.350         10.44	     9.695
  49.375         13.67	    11.091
  49.400         12.22	    10.488
  49.425         12.67	    10.677
  49.450         12.11	    10.440
  49.475         13.44	    11.000
  49.500         11.56	    10.198
  49.525         10.89	     9.899
  49.550         10.22	     9.592
  49.575         11.67	    10.247
  49.600         12.22	    10.488
  49.625         10.78	     9.849
  49.650         10.00	     9.487
  49.675         11.00	     9.950
  49.700         12.89	    10.770
  49.725         13.22	    10.909
  49.750         13.56	    11.045
  49.775         10.89	     9.899
  49.800         11.56	    10.198
  49.825         11.00	     9.950
  49.850         11.33	    10.100
  49.875         11.22	    10.050
  49.900         11.00	     9.950
  49.925         10.22	     9.592
  49.950         11.56	    10.198
  49.975         11.89	    10.344
  50.000          9.78	     9.381
  50.025         14.11	    11.269
  50.050         10.89	     9.899
  50.075         12.33	    10.536
  50.100         12.22	    10.488
  50.125         10.33	     9.644
  50.150         13.56	    11.045
  50.175         12.11	    10.440
  50.200         14.11	    11.269
  50.225         13.33	    10.954
  50.250         11.89	    10.344
  50.275          9.67	     9.327
  50.300         11.67	    10.247
  50.325         10.00	     9.487
  50.350         10.89	     9.899
  50.375         12.67	    10.677
  50.400         11.78	    10.296
  50.425         11.00	     9.950
  50.450         12.33	    10.536
  50.475         13.89	    11.180
  50.500          9.78	     9.381
  50.525         11.89	    10.344
  50.550         10.44	     9.695
  50.575         12.11	    10.440
  50.600         10.56	     9.747
  50.625         14.00	    11.225
  50.650         10.00	     9.487
  50.675         11.11	    10.000
  50.700         11.22	    10.050
  50.725         11.78	    10.296
  50.750         10.78	     9.849
  50.775         11.00	     9.950
  50.800         12.22	    10.488
  50.825         11.44	    10.149
  50.850         11.67	    10.247
  50.875         11.22	    10.050
  50.900         11.22	    10.050
  50.925         11.00	     9.950
  50.950         12.33	    10.536
  50.975         13.89	    11.180
  51.000         12.00	    10.392
  51.025         10.11	     9.539
  51.050          9.56	     9.274
  51.075          9.44	     9.220
  51.100         11.00	     9.950
  51.125         11.44	    10.149
  51.150         12.11	    10.440
  51.175         12.89	    10.770
  51.200         11.00	     9.950
  51.225         12.44	    10.583
  51.250         11.89	    10.344
  51.275         11.56	    10.198
  51.300         12.78	    10.724
  51.325         12.67	    10.677
  51.350         11.56	    10.198
  51.375         12.44	    10.583
  51.400         11.00	     9.950
  51.425         10.33	     9.644
  51.450         10.78	     9.849
  51.475         12.78	    10.724
  51.500         11.11	    10.000
  51.525         11.22	    10.050
  51.550         12.44	    10.583
  51.575          9.89	     9.434
  51.600         10.89	     9.899
  51.625         11.22	    10.050
  51.650         12.33	    10.536
  51.675         11.56	    10.198
  51.700         11.33	    10.100
  51.725          9.89	     9.434
  51.750         13.67	    11.091
  51.775         11.11	    10.000
  51.800         11.56	    10.198
  51.825         11.56	    10.198
  51.850         12.22	    10.488
  51.875         12.11	    10.440
  51.900         11.00	     9.950
  51.925         12.22	    10.488
  51.950         13.00	    10.817
  51.975          9.67	     9.327
  52.000         12.67	    10.677
  52.025         11.44	    10.149
  52.050          9.44	     9.220
  52.075         10.11	     9.539
  52.100         13.11	    10.863
  52.125         10.89	     9.899
  52.150         12.78	    10.724
  52.175         10.56	     9.747
  52.200         11.56	    10.198
  52.225         12.11	    10.440
  52.250         11.44	    10.149
  52.275         12.22	    10.488
  52.300         12.11	    10.440
  52.325         12.56	    10.630
  52.350         12.22	    10.488
  52.375         11.56	    10.198
  52.400          9.11	     9.055
  52.425          9.44	     9.220
  52.450         11.22	    10.050
  52.475         13.11	    10.863
  52.500         11.67	    10.247
  52.525         13.33	    10.954
  52.550         14.11	    11.269
  52.575         12.56	    10.630
  52.600         11.78	    10.296
  52.625         11.44	    10.149
  52.650         13.33	    10.954
  52.675         11.11	    10.000
  52.700         12.78	    10.724
  52.725         11.89	    10.344
  52.750         11.44	    10.149
  52.775         11.56	    10.198
  52.800         12.89	    10.770
  52.825         12.22	    10.488
  52.850         10.78	     9.849
  52.875         13.89	    11.180
  52.900         13.67	    11.091
  52.925         14.56	    11.446
  52.950         11.00	     9.950
  52.975         15.33	    11.747
  53.000         13.67	    11.091
  53.025         13.44	    11.000
  53.050         15.56	    11.832
  53.075         13.78	    11.136
  53.100         13.67	    11.091
  53.125         15.00	    11.619
  53.150         15.00	    11.619
  53.175         19.67	    13.304
  53.200         15.11	    11.662
  53.225         19.00	    13.077
  53.250         18.11	    12.767
  53.275         22.78	    14.318
  53.300         25.22	    15.067
  53.325         29.33	    16.248
  53.350         29.89	    16.401
  53.375         36.22	    18.055
  53.400         39.44	    18.841
  53.425         56.78	    22.605
  53.450         79.78	    26.796
  53.475        108.11	    31.193
  53.500        165.44	    38.588
  53.525        296.44	    51.653
  53.550        670.11	    77.660
  53.575        996.56	    94.705
  53.600        519.33	    68.367
  53.625        359.33	    56.868
  53.650        266.56	    48.980
  53.675        255.22	    47.927
  53.700        450.00	    63.640
  53.725        458.67	    64.250
  53.750        245.67	    47.021
  53.775        164.67	    38.497
  53.800         94.00	    29.086
  53.825         54.67	    22.181
  53.850         37.11	    18.276
  53.875         28.89	    16.125
  53.900         25.78	    15.232
  53.925         20.67	    13.638
  53.950         19.89	    13.379
  53.975         21.89	    14.036
  54.000         18.78	    13.000
